52 -1159 940
70 -992 971
67 -994 1028
87 -979 902
121 -783 961
43 -937 1141
40 -1209 984
-53 -1149 1113
-102 -1381 1050
24 -1166 1134
182 -1264 1035
4 -1100 1026
15 -1109 969
-122 -1053 977
58 -1068 980
-12 -1041 950
9 -1007 935
63 -1054 976
-13 -1038 920
30 -999 938
-17 -1027 964
11 -1088 997
6 -1106 954
-12 -1078 928
47 -1041 960
-9 -1058 921
22 -1024 901
15 -1028 961
-22 -1061 939
11 -1025 937
19 -1062 958
12 -1094 927
-12 -1066 920
22 -1058 910
5 -1064 913
22 -1076 901
7 -1068 897
6 -1073 888
-9 -1070 872
1 -1051 889
-29 -1083 893
2 -1085 891
10 -1080 904
-4 -1104 903
2 -1104 899
-3 -1110 894
-1 -1113 893
1 -1109 894
3 -1111 895
2 -1105 888
6 -1097 896
4 -1110 880
4 -1095 888
-5 -1100 889
7 -1101 894
9 -1102 956
69 -1125 1173
-134 -1526 1056
-151 -1616 939
-241 -1684 906
-166 -1528 740
-63 -1273 691
-222 -900 594
48 -596 466
107 -632 943
183 -875 965
39 -852 991
101 -1007 1114
-49 -1030 1044
-334 -1003 1048
-12 -998 1029
2 -1091 966
56 -1008 908
22 -950 963
-9 -1011 940
0 -940 966
2 -977 968
-6 -988 961
3 -978 964
6 -974 958
-15 -970 953
8 -967 956
-6 -973 950
-13 -967 963
17 -994 956
4 -976 959
-9 -979 955
10 -975 958
-2 -977 960
-1 -984 958
4 -987 958
-2 -984 957
-2 -978 949
0 -979 952
2 -978 954
0 -986 958
5 -980 956
0 -983 955
-4 -996 954
-2 -986 948
5 -977 955
0 -994 953
-5 -993 952
1 -984 952
1 -987 950
2 -991 955
-3 -1000 960
-2 -987 950
4 -992 959
-4 -1028 959
13 -993 949
-2 -1003 966
0 -1001 958
-10 -1013 959
4 -1008 957
-15 -1033 957
15 -1039 943
6 -939 1008
-11 -1056 949
12 -1009 971
2 -1036 964
-6 -1021 956
-2 -1015 958
1 -1023 957
-2 -1014 958
2 -1016 957
1 -1015 958
-5 -1009 955
1 -1013 957
10 -1031 942
-7 -1005 961
8 -1032 972
-8 -1037 951
6 -1019 954
10 -1008 979
-6 -991 982
-32 -1023 943
-13 -1014 928
26 -993 966
14 -980 966
-10 -988 956
-2 -986 951
1 -1007 952
-1 -971 953
-3 -1016 961
17 -1007 953
-4 -990 967
6 -1011 960
-6 -1000 959
-1 -1024 985
-8 -1018 963
13 -1002 957
5 -976 962
-20 -1022 961
9 -1025 972
-12 -1036 953
0 -985 937
8 -933 964
244 -1377 1104
153 -1607 973
-396 -1462 740
-186 -1099 -675
58 54 -361
-35 -335 -538
-354 -1398 -452
1083 2392 -1012
179 1275 1357
-491 -1997 1342
75 -1288 925
42 -992 844
114 -1010 1062
-149 -1238 754
109 -1012 950
-191 -1300 1123
13 -1455 1062
907 -1671 324
178 -867 296
24 -732 212
-27 -521 131
-254 -451 297
-41 -485 209
-8 -443 213
25 -343 296
38 -417 335
38 -440 367
186 -393 353
31 -427 354
8 -383 301
7 -361 291
-23 -289 251
-10 -293 188
-120 -356 213
-38 -400 227
-5 -422 241
-134 -605 615
-84 -1086 714
-25 -1238 722
47 -1294 750
52 -1311 674
-26 -1171 672
-36 -1232 650
-152 -1181 644
-50 -1099 596
-93 -1050 606
-89 -1134 724
-12 -1261 753
-25 -1311 784
-65 -1247 783
22 -1274 797
-28 -1251 815
-26 -1219 841
24 -1304 817
-5 -1258 740
-141 -1345 803
142 -1423 779
-119 -1246 884
-18 -1353 840
166 -1229 878
-141 -1377 863
136 -1423 860
-142 -1308 829
55 -1312 875
-41 -1328 833
39 -1277 817
158 -1081 638
175 -785 367
87 -762 90
314 -824 68
195 -1102 45
375 -1053 51
397 -657 -217
-819 -322 61
-166 -599 139
-156 -629 377
127 -774 388
100 -691 332
280 -713 428
622 -774 305
-147 -602 216
-178 -471 135
-804 -311 95
-2 -263 70
345 -395 260
143 -592 279
193 -602 279
6 -694 345
-301 -657 279
-136 -576 262
-115 -450 201
78 -260 184
58 -244 216
106 -215 291
18 -208 238
-37 -271 238
-11 -311 230
-7 -344 202
-25 -318 189
4 -300 194
-26 -309 201
-7 -338 214
1 -355 219
11 -348 221
11 -341 215
13 -332 205
-1 -318 203
-7 -311 192
-3 -309 208
-8 -343 222
0 -358 224
-3 -370 226
5 -359 217
-3 -346 212
6 -330 214
6 -337 210
-7 -339 211
3 -339 220
-9 -350 213
5 -337 212
6 -327 207
-4 -334 214
-4 -350 219
-1 -342 214
7 -335 218
0 -340 213
1 -337 215
0 -341 216
-5 -341 219
9 -344 209
-2 -330 209
9 -279 218
16 -282 192
-12 -269 204
-8 -304 197
-15 -281 197
3 -278 204
14 -264 196
-7 -263 198
0 -261 206
19 -267 210
-8 -285 208
-3 -262 206
1 -283 196
-1 -272 210
-5 -286 207
0 -291 203
12 -293 204
-14 -291 208
-7 -310 210
4 -315 208
-9 -304 207
-16 -350 219
-10 -392 224
-103 -466 253
-51 -561 270
158 -697 339
72 -678 215
-31 -678 292
79 -856 261
-69 -871 294
-174 -1128 277
-508 -1081 370
52 -1174 410
-161 -1394 542
-348 -1560 332
-173 -1090 292
-177 -1012 187
16 -640 -37
-28 -415 -90
27 -506 65
-212 -736 -171
22 -478 -80
-15 -615 -77
-17 -571 -167
-12 -465 -152
70 -531 -142
-17 -575 -174
23 -525 -133
79 -622 -12
106 -670 15
-40 -707 -38
73 -655 47
-6 -849 -24
418 -750 -31
175 -917 45
29 -1136 214
252 -1441 165
-36 -1201 180
-51 -1097 250
44 -1048 51
65 -888 130
45 -970 144
-55 -952 60
3 -874 97
7 -1003 142
39 -930 139
-4 -916 151
-4 -977 166
45 -927 135
-31 -897 185
81 -935 192
14 -870 185
-34 -860 210
-77 -1002 177
50 -916 285
27 -1025 217
7 -919 205
43 -889 215
16 -923 199
8 -887 184
11 -875 176
28 -853 160
-2 -833 167
0 -837 146
-10 -831 168
4 -843 161
-5 -846 164
-39 -853 174
-6 -862 183
-239 -1010 361
39 -1228 362
118 -1175 335
55 -1087 428
-130 -1109 607
-21 -1344 582
29 -1152 649
-69 -1257 634
-55 -1258 718
-144 -1157 941
33 -1219 894
35 -1177 886
-40 -1102 907
-70 -1101 913
-2 -1108 970
-46 -1234 905
-86 -1232 927
30 -1272 954
5 -1295 930
-12 -1265 953
-15 -1276 920
2 -1241 896
33 -1219 891
146 -1099 749
65 -923 649
537 -1470 431
220 -1612 585
-117 -1527 450
6 -1015 93
117 -648 48
73 -596 148
-48 -635 182
-94 -380 260
-8 -179 173
-29 58 295
-122 -109 348
58 -156 353
1 -228 405
-26 -330 406
97 -267 317
3 -199 390
6 -348 354
200 -342 222
-74 -221 366
-51 -645 256
-39 -588 324
-56 -552 267
133 -145 -1
-48 27 235
0 -516 186
39 -504 144
-135 -426 346
-124 -480 400
58 -189 243
24 31 303
148 32 309
15 87 229
8 89 197
-57 -25 180
-28 -70 152
11 -41 156
-24 -61 171
-22 -105 201
-26 -259 241
-76 -626 317
30 -686 405
9 -920 351
111 -822 154
-222 -570 403
280 -781 235
-129 -685 322
-144 -768 429
-100 -921 503
-20 -1082 549
-45 -1139 535
13 -1102 526
8 -1081 535
32 -1052 534
45 -1003 507
-1 -960 499
-7 -937 491
31 -945 481
23 -921 462
108 -733 354
43 -586 343
11 -571 317
103 -534 274
3 -473 228
11 -413 152
-37 -298 94
-20 -271 136
-7 -263 136
-107 -151 256
36 -184 372
-1 -279 359
77 -227 362
-34 -268 317
625 -612 170
-245 -471 109
-82 -240 -168
-626 -162 187
149 -515 134
92 -411 -39
117 -356 104
6 -526 146
83 -577 173
-79 -560 92
-56 -490 94
-46 -451 228
7 -573 282
71 -585 280
370 -669 261
-286 -603 347
-501 -643 406
721 -661 14
-55 -227 12
-162 -252 70
-172 -418 100
-72 -361 55
-27 -76 66
260 -304 274
172 -682 454
600 -808 412
-779 -470 324
-86 -345 415
-136 -562 364
130 -553 311
52 -539 99
-113 -437 218
18 -548 245
71 -497 137
-3 -386 205
128 -495 207
3 -462 339
-53 -543 262
-163 -390 302
-34 -510 478
20 -651 454
33 -631 458
199 -723 381
391 -768 528
-345 -855 543
41 -676 126
-253 -302 155
-154 -388 85
48 -348 124
157 -411 162
2 -426 242
-11 -497 334
-239 -596 492
282 -684 536
-205 -586 446
-35 -528 472
38 -633 536
16 -700 550
339 -859 484
-272 -925 649
394 -1012 231
-372 -469 245
-29 -491 273
134 -537 192
-41 -370 136
8 -343 185
77 -433 206
-263 -340 346
319 -380 266
-321 -556 451
-14 -793 552
159 -864 593
149 -824 526
361 -832 537
-68 -818 439
261 -794 35
-439 -501 277
-211 -766 234
-291 -534 40
-189 -280 390
519 -572 325
65 -313 395
184 -393 294
-118 -749 293
-135 -850 386
791 -938 293
-707 -504 251
-89 -315 144
-240 -298 394
156 -673 643
-5 -851 513
17 -712 294
42 -581 196
215 -468 -8
-327 -421 331
156 -814 547
39 -981 494
-126 -633 323
244 -674 355
23 -672 30
416 -547 66
-281 -36 521
-1138 -1037 112
-134 -685 310
-64 -963 480
-164 -1034 505
-76 -1388 790
-223 -1378 929
201 -1311 586
122 -1123 656
382 -1235 568
541 -1193 549
-147 -1286 666
-321 -1255 735
132 -1477 927
-2 -1704 844
-306 -1420 939
-149 -1424 896
-191 -1298 847
-101 -1134 815
-7 -1152 643
-91 -1028 733
-87 -1128 697
40 -1087 688
69 -1213 500
4 -1063 531
39 -1372 928
373 -1511 454
-104 -1372 596
-109 -1241 401
-51 -1111 281
3 -1154 145
122 -1099 177
168 -1209 96
173 -1189 215
47 -1214 165
139 -1188 333
40 -1172 304
36 -1267 154
-21 -942 78
684 -634 185
-213 -646 315
-80 -722 378
166 -939 -198
-115 -326 -559
-152 39 -174
-75 -247 -367
46 -37 -382
30 -58 -366
-153 -457 -225
118 -506 -505
57 11 -324
-147 -170 -477
185 32 -292
107 -140 -370
-202 -67 -420
63 82 -473
-83 432 -178
8 12 -382
-24 -97 -379
-88 -157 -563
42 63 -459
126 -89 -418
-90 -92 -471
-70 -33 -482
148 -169 -613
41 93 -543
-147 102 -255
170 -384 -299
78 -249 -170
-9 -427 -229
-230 -643 69
-73 -1217 471
-576 -1622 540
-208 -1430 488
-51 -908 197
-70 -418 182
50 -603 210
450 -703 47
554 -519 373
229 -1419 681
-357 -1520 800
-358 -1439 793
-26 -1534 796
-86 -693 908
-47 -1138 987
117 -1207 828
-145 -1062 901
55 -1186 805
35 -1156 791
22 -1172 908
-53 -1441 651
-65 -1385 1163
-17 -1107 905
72 -1176 940
-240 -1185 831
42 -1183 916
207 -1124 973
63 -1102 968
77 -1035 899
1 -1094 1009
73 -1115 1038
-4 -1099 1016
-143 -1224 1012
48 -1313 962
-40 -1229 1000
-65 -1135 975
-80 -1223 989
108 -1209 939
59 -1033 863
-86 -991 823
200 -1059 1118
-268 -1346 878
-52 -676 664
172 -752 954
74 -972 909
-33 -1226 730
327 -1701 1073
-4 -1840 753
-192 -1293 800
-200 -1283 631
57 -1113 783
-20 -1278 752
-5 -1328 722
18 -1268 747
-172 -1315 564
40 -1128 668
-202 -1299 665
254 -1464 995
208 -1011 786
37 -621 792
203 -558 787
98 -432 655
-172 -329 454
314 -242 1029
-200 -543 723
-16 -761 810
36 -656 842
-10 -609 875
-36 -834 774
-206 -938 908
-153 -952 820
145 -943 1008
-25 -1250 1401
-180 -1349 861
-50 -972 903
-191 -1001 724
-122 -1091 623
505 -1523 1013
-140 -1978 400
25 -1388 269
-8 -1196 355
228 -1323 619
-128 -1450 346
82 -1129 143
-90 -988 125
2 -1097 151
44 -1261 206
25 -1132 183
7 -796 56
-46 -969 -158
12 -835 -24
-20 -969 -71
-24 -894 -67
11 -897 -4
-7 -1021 -98
-9 -798 -122
-36 -744 -205
-58 -544 -253
-144 -512 -169
73 -547 -345
-111 -441 -163
69 -627 -340
-45 -571 -123
-25 -842 -175
41 -609 -23
39 -871 -230
-44 -725 -310
-9 -595 -293
256 -375 -232
-83 -361 -78
-330 -409 41
114 -1274 -340
280 -930 -817
-188 243 10
806 -716 569
296 -810 359
-313 -748 513
101 -1071 703
169 -1184 1914
-100 -2057 451
-144 -756 662
-509 -778 483
421 -172 721
-10 -693 1323
164 -1886 226
-76 -222 427
-96 -617 429
41 -523 432
99 -496 709
-208 -893 489
21 -474 567
253 -415 831
104 -699 775
265 -931 544
-439 -925 403
-424 -1155 482
33 -778 529
153 -1305 936
-547 -1860 532
88 -1309 424
104 -977 705
41 -1424 667
-8 -1251 546
8 -1128 718
-3 -1400 609
107 -1318 586
-111 -1251 608
-49 -1245 624
67 -1215 606
-63 -1177 423
-247 -969 324
-80 -935 272
617 -1067 516
1040 -1109 472
-455 -787 848
-281 -1031 531
-445 -870 633
171 -1263 500
-136 -1307 801
-236 -1539 610
-1 -889 1043
42 -1300 901
-190 -1219 833
150 -1115 1079
-47 -1351 1138
-261 -1289 985
-97 -1138 969
-167 -1052 592
117 -660 484
201 -948 1157
163 -1694 769
-63 -1296 592
-77 -935 236
-64 -896 439
121 -1901 428
-103 -1717 342
15 -1166 259
263 -1205 313
57 -1047 28
385 -776 7
67 -603 37
-78 -561 3
112 -738 86
-28 -728 174
237 -838 139
-194 -716 261
61 -997 197
-425 -1181 625
-353 -1479 619
-294 -1199 633
-44 -1223 630
38 -1068 512
-73 -1051 365
114 -872 580
200 -1234 621
524 -1080 851
16 -1205 900
-84 -1187 999
-200 -1258 923
122 -1263 848
51 -1032 883
-187 -1116 785
111 -1070 949
141 -1329 1135
-548 -1398 926
-142 -1089 736
-166 -928 797
204 -849 988
747 -1174 1033
-245 -1158 937
-250 -1213 683
-411 -1414 586
75 -1258 504
-38 -1519 554
307 -1323 475
143 -1022 429
717 -1130 540
35 -1102 470
-39 -1112 489
-382 -978 602
117 -1047 414
111 -909 350
89 -642 293
6 -600 292
-36 -638 302
4 -731 284
28 -621 258
-6 -580 239
-11 -610 294
-63 -680 400
23 -756 495
-102 -826 507
82 -886 368
-292 -1056 419
-125 -1158 361
-9 -1058 242
189 -836 25
91 -844 -18
32 -679 -69
2 -557 120
-173 -757 -128
39 -744 -144
-61 -546 -362
147 -116 -537
-12 102 -512
35 16 -408
-86 -232 -433
-39 -98 -546
-39 -2 -442
122 -45 -631
-59 69 -533
221 -247 -289
476 -532 -597
-367 -673 -734
-809 -273 -658
-86 -109 -181
594 -542 123
142 -958 130
124 -707 22
-108 -700 73
-80 -733 -274
-302 -417 -317
-38 -308 -463
108 -211 -645
104 26 -407
-88 -258 -467
-6 -291 -420
6 -206 -498
17 -239 -516
-117 -223 -368
70 -391 -390
-98 -370 -579
71 -158 -449
39 -297 -432
19 -276 -443
-51 -266 -420
104 -196 -341
5 -352 -379
45 -277 -367
-8 -255 -334
-11 -350 -368
21 -425 -413
-61 -150 -462
155 -213 -385
-100 -232 -378
-12 -292 -433
-68 -228 -454
59 -223 -461
23 -157 -393
24 -309 -419
11 -189 -368
36 -122 -316
-17 -150 -220
54 -212 -247
353 -220 -173
107 -224 -176
-142 74 -165
-33 154 -178
67 180 -152
10 271 8
-184 79 177
-94 -243 239
108 -538 133
323 -942 300
-144 -902 164
-84 -720 -10
-352 -321 158
115 -62 142
1002 -892 398
-447 -1135 176
-1005 -1140 751
-84 -1688 314
822 -1720 925
-71 -1380 349
111 -676 113
-371 -1022 188
450 -487 422
-217 -924 275
-159 -788 55
111 -601 39
14 -639 12
-36 -349 -127
103 -301 108
-96 -641 -14
-73 -553 52
8 -575 209
55 -697 95
69 -642 222
69 -586 -39
-30 -233 -79
-49 -182 0
-67 -449 176
-41 -761 255
-23 -981 316
-159 -1073 355
14 -1110 234
-105 -775 210
198 -522 372
-83 -726 426
-27 -839 386
71 -631 265
175 -599 205
36 -754 195
-38 -725 221
-105 -567 343
-106 -814 388
606 -830 122
61 -260 -189
-251 -181 -193
-390 -374 171
38 -894 212
-16 -639 526
40 -1008 548
22 -1211 603
88 -1320 698
-70 -1407 658
-203 -1361 751
-345 -1412 776
-96 -1240 942
-17 -1281 1035
-275 -1499 801
-209 -1157 547
-35 -968 616
-155 -1030 594
63 -1019 843
5 -1094 562
-156 -522 609
74 -894 374
1028 -1387 116
116 -1109 161
-113 -1237 309
-8 -1293 227
78 -1335 257
120 -1137 222
-264 -985 429
-94 -1061 401
108 -1152 526
-228 -1088 528
104 -1142 388
-126 -1018 365
-91 -1140 302
-67 -1090 389
-9 -1048 437
83 -1008 529
-26 -1425 657
190 -1286 736
-145 -1149 729
-7 -974 751
72 -872 958
296 -1273 927
-60 -1396 936
16 -1072 1052
174 -1353 985
-7 -1254 882
66 -1085 1012
-53 -1121 780
51 -888 916
102 -921 793
-47 -823 838
-13 -884 841
118 -1004 832
-74 -784 813
-14 -687 695
29 -614 619
-52 -570 780
44 -756 861
234 -871 708
4 -643 732
-512 -806 822
21 -939 802
-19 -825 902
-56 -980 993
12 -1113 633
-209 -1015 753
-29 -1302 694
148 -1351 1243
-134 -1797 895
-107 -1461 817
-90 -1408 824
-109 -1453 896
41 -1420 703
-111 -1121 707
-132 -1224 1148
-12 -1325 920
-111 -960 649
-103 -738 838
135 -1041 781
43 -1136 677
367 -1179 603
378 -781 787
52 -1046 975
179 -1250 885
-57 -1108 1041
-18 -1428 1066
-167 -1531 983
-10 -1359 867
-48 -1230 845
102 -1121 1205
91 -1543 1188
46 -1598 1165
-19 -1484 927
-54 -1296 948
-74 -1202 854
-179 -1157 845
-22 -1185 856
1 -1132 620
-124 -713 722
-131 -868 770
11 -891 885
-42 -1011 969
59 -1115 980
15 -806 917
53 -1023 1134
970 -1249 1208
-1751 -1600 -470
83 -40 -109
-265 -532 -169
304 -1038 411
520 -1364 211
299 -1258 78
-445 -960 -446
180 -370 -433
155 -592 -54
-38 -1080 33
8 -1072 126
48 -1103 365
-13 -1149 170
91 -966 359
6 -1058 496
58 -1234 500
-9 -1214 491
68 -1307 559
31 -1171 619
28 -1177 639
59 -1093 542
104 -1088 653
-71 -1269 688
4 -1329 636
33 -1035 600
-84 -1356 626
60 -1267 703
12 -1390 678
-43 -1246 688
72 -1430 704
55 -1170 737
-198 -1364 570
129 -1088 690
23 -976 531
-177 -1362 564
42 -1350 557
-25 -1290 561
195 -877 372
6 -997 710
-63 -1167 542
-69 -1384 478
74 -1209 604
-53 -1295 628
11 -1210 491
-65 -1254 549
178 -1310 660
-109 -1073 690
-74 -1449 469
78 -1101 651
-36 -1600 587
-34 -1290 559
80 -1272 582
90 -1093 555
-276 -1351 528
230 -1195 635
-37 -1281 641
-161 -1319 467
241 -1123 689
-146 -1197 479
-75 -1220 468
121 -562 435
-153 -1231 441
235 -1147 737
149 -869 422
-77 -1223 573
-249 -1170 453
408 -720 465
-115 -1133 573
-105 -1386 440
-300 -1403 217
-581 -875 -116
-91 -619 -206
-96 -423 -178
-22 -723 -10
221 -765 156
125 -974 183
320 -1109 504
20 -1247 437
82 -1346 663
450 -723 866
47 -689 1050
-37 -998 953
-86 -698 894
90 -531 914
21 -646 680
39 -845 481
88 -362 675
356 -883 442
-15 -831 595
-816 -1734 705
-843 -1189 235
396 -328 886
494 -341 1268
725 -1651 1247
-525 -1965 848
-11 -1357 661
206 -1089 437
-155 -781 585
-197 -484 623
5 -772 421
406 -892 249
-221 37 590
-56 -342 181
875 -17 295
-348 236 424
147 206 530
-112 -223 528
123 -289 448
50 -370 442
-395 -764 357
-202 -797 379
-6 -772 757
-61 -1064 598
-100 -765 727
-106 -1035 568
-15 -1228 710
-113 -1216 473
-291 -1192 535
280 -1483 654
-73 -1264 522
-222 -1178 582
5 -1238 598
13 -1468 629
54 -1417 635
55 -1378 582
27 -1309 599
-112 -1417 576
-59 -1311 577
-17 -1386 551
-40 -1307 496
-130 -1248 490
-121 -1182 652
-7 -1373 867
-70 -1512 868
-71 -1306 618
-89 -943 406
76 -714 475
928 -1239 121
397 -1161 432
-44 -1452 420
-244 -1340 281
-611 -1455 587
-33 -1477 656
59 -1818 1307
-681 -1721 418
-1 -966 270
186 -1118 447
1253 -933 788
-85 -1040 806
215 -790 1073
-237 -1088 1319
-530 -1541 728
-654 -1209 751
773 -924 681
197 -481 770
167 -1138 1020
58 -1131 1086
259 -1500 1028
-347 -1441 755
-37 -1153 593
-309 -1113 648
-293 -1181 618
3 -1193 484
-186 -1045 667
-99 -1267 958
22 -1685 820
113 -1426 627
206 -1382 712
80 -1317 640
-69 -1201 494
89 -1246 474
237 -1260 640
148 -1394 569
86 -1218 581
-288 -1177 348
-64 -952 366
-30 -1110 414
463 -1525 435
-210 -1256 280
-199 -1153 286
-329 -1173 78
-3 -984 57
321 -1136 -414
356 -469 -225
367 -678 2
-58 -1165 150
72 -634 -836
-883 32 -391
-96 -749 -772
443 727 -89
357 -878 15
-856 -1132 333
276 -1364 833
211 -1138 651
-228 -1189 807
-21 -1470 637
-79 -1340 668
-35 -1408 481
60 -1666 175
-1 -1141 -547
294 -419 -337
10 -444 -135
-38 -551 -544
56 -319 -283
22 -393 -212
189 -723 -396
-187 -220 -285
91 -486 -272
49 -205 -355
119 -317 -391
-51 -192 -363
-82 -193 -337
-2 -237 -538
6 -55 -458
3 -318 -404
-12 60 -420
13 -369 -494
50 22 -579
-80 -114 -589
-219 -22 -707
103 69 -708
-123 -2 -376
46 -609 -468
255 -1 -615
-324 -89 -461
44 -88 -567
93 -119 -723
268 312 -494
101 224 -298
92 -156 -681
300 0 -593
-185 -15 -692
-288 -535 -1053
-717 402 124
667 -1082 502
454 -978 344
-602 -817 505
-169 -1206 469
-158 -1051 462
-22 -1376 373
27 -1244 407
-78 -1108 367
64 -807 506
-117 -1159 471
34 -2031 109
-221 -897 -34
-215 -471 621
64 -1123 444
-19 -542 875
-193 -770 755
190 -873 882
165 -1320 1169
-145 -2085 734
-91 -928 623
95 -1489 622
-238 -1401 343
-106 -1020 496
282 -1082 845
111 -1389 647
-124 -1277 708
-89 -1346 586
185 -1447 461
132 -1214 469
-97 -1422 616
202 -1617 547
14 -1264 143
29 -1011 477
-100 -1339 445
-225 -1286 445
-136 -1173 403
-51 -1096 233
-52 -921 164
405 -1368 227
-310 -1156 325
114 -1155 263
190 -1015 379
-311 -1352 253
84 -1148 298
-101 -1099 368
73 -1082 438
49 -1169 521
-214 -1141 538
88 -986 666
41 -1232 649
764 -1138 978
-266 -1320 924
-65 -1270 1086
39 -1647 1264
236 -2038 1016
-411 -1292 690
1 -1576 969
87 -1366 651
35 -1184 875
-168 -1306 1004
39 -1359 904
91 -1049 770
40 -905 818
-236 -1427 737
-44 -1631 309
29 -1150 -81
20 -746 -295
-69 -494 -538
132 -425 -413
-85 -400 -548
-25 -203 -524
20 -365 -350
-114 -304 -468
-83 -113 -345
-23 -368 -143
-43 -626 -28
-266 -509 -280
328 -379 1
-7 -729 -49
191 -379 -229
-150 -519 111
36 -2012 748
305 -2060 1098
-124 -1962 851
-113 -1402 551
-116 -609 244
700 -757 505
426 -1507 1067
-881 -1375 911
96 -1215 1071
262 -1285 1097
-244 -1350 960
110 -1209 937
204 -1231 1052
308 -957 1106
-103 -1275 994
420 -1363 976
-281 -1416 168
-95 -803 371
377 -1214 453
-444 -1238 572
-264 -1539 243
-72 -1528 -55
69 -992 111
429 -1293 146
-31 -1245 360
-650 -1144 380
-124 -1104 532
100 -1133 573
424 -1056 564
-98 -1309 831
-142 -1284 704
-15 -1285 907
40 -1483 672
-114 -1288 766
-5 -1258 497
170 -1331 281
94 -1345 562
135 -1685 372
-285 -1450 262
-239 -1161 -64
-102 -754 222
140 -1141 -58
238 -900 42
27 -1074 166
-56 -1071 115
-47 -995 269
104 -1274 76
-28 -904 393
-46 -1248 401
-235 -1467 426
-244 -1066 586
182 -1002 678
21 -1059 613
352 -954 793
132 -986 843
144 -1129 1089
52 -955 890
-100 -787 1035
-18 -940 1005
-71 -960 877
72 -729 953
-42 -837 934
-5 -793 966
80 -789 1057
-18 -926 1093
-10 -934 1123
-62 -947 1050
9 -876 976
-25 -769 986
15 -765 1237
-83 -1040 1026
-204 -895 986
-105 -784 739
-68 -485 807
21 -456 751
-103 -559 822
74 -661 935
56 -614 798
-69 -763 1084
34 -862 874
98 -1188 1096
44 -1200 965
93 -1088 1434
-112 -1513 990
137 -1033 1192
-137 -1290 916
29 -861 659
34 -338 822
-36 -769 1058
-3 -1112 897
70 -1044 1006
-5 -1331 807
-14 -1250 911
-134 -1360 1139
-20 -1414 1103
-306 -1322 751
126 -1058 701
20 -981 516
16 -701 232
279 -926 630
327 -1187 819
-302 -1280 359
127 -823 1435
24 -1703 1010
131 -1319 911
196 -1209 1005
-317 -1040 652
-349 -1023 902
479 -1085 893
216 -1030 1164
-438 -1552 839
2 -1419 834
-10 -1444 790
-73 -1560 637
-249 -1483 673
30 -1290 752
120 -1405 705
213 -1157 408
17 -1104 524
604 -1291 1091
-726 -1350 906
-186 -1491 938
403 -1272 762
183 -1121 938
10 -1367 941
73 -1355 857
-197 -1324 484
-3 -974 990
23 -1483 1220
215 -1539 926
-220 -1163 982
-196 -1541 1138
-8 -1248 807
207 -683 999
-299 -1270 1332
-128 -1802 959
222 -1251 874
-73 -1032 804
-91 -1147 1056
-68 -1206 792
112 -1020 828
210 -1085 826
66 -979 664
111 -922 765
107 -1083 1292
221 -1771 879
-558 -1211 901
-178 -1460 852
146 -1321 756
-11 -1710 661
11 -1390 360
194 -1619 444
-169 -918 863
-43 -1298 578
-219 -1431 495
279 -1299 656
-38 -1539 529
-15 -1554 151
-37 -1231 173
-70 -1159 136
-12 -992 131
68 -906 115
-39 -990 -28
-12 -696 143
102 -1043 304
49 -1186 488
-99 -1356 417
-70 -1414 431
192 -1264 499
-60 -1190 533
9 -1357 558
36 -1345 642
30 -1665 515
-17 -1196 577
61 -1008 757
-133 -1286 811
-130 -1384 1053
11 -1467 952
232 -1281 885
-57 -1140 696
54 -825 887
-49 -1204 882
-58 -1185 986
136 -1205 1041
15 -1307 887
-160 -1283 881
0 -1253 809
127 -1374 866
31 -1446 941
-180 -1645 773
58 -1418 647
34 -1282 636
48 -1105 846
-96 -1490 562
109 -1167 623
25 -1264 791
111 -1164 742
-265 -1414 838
-240 -1595 791
230 -1430 1198
742 -1351 1049
-199 -1713 633
-779 -1444 184
190 -828 502
-327 -1307 -5
54 -841 365
179 -1283 236
-90 -1205 266
-195 -1032 19
-5 -629 -148
30 -683 171
120 -1150 350
-280 -1122 61
433 -889 486
75 -1203 451
-21 -1301 666
-181 -1473 208
-102 -804 208
-215 -821 117
-184 -996 457
-13 -1272 384
414 -615 739
143 -1034 711
115 -1049 901
-155 -836 1101
-136 -888 1134
-90 -737 872
45 6 563
957 -316 978
-82 -343 669
-584 179 1212
142 -540 676
282 -269 716
-58 -353 717
260 -259 896
-362 -660 695
-168 -401 736
-473 -320 1083
701 -1836 -315
-11 -786 -96
242 -758 -255
89 -775 -38
-184 -835 -14
-97 -892 40
83 -931 17
-101 -813 -22
-75 -726 -73
-62 -585 -145
57 -631 -121
431 -290 -554
122 -292 -1014
32 744 -334
-259 72 -380
317 -101 -372
-224 69 -633
176 216 -539
2 354 -266
-70 -264 -390
93 -522 -273
-927 -207 -292
-343 -269 397
789 -618 832
775 -1214 1098
-97 -1544 695
-681 -1375 737
414 -1450 725
139 -1187 508
-242 -635 616
148 -956 581
-20 -904 686
-1025 -1414 995
41 -1671 949
215 -1519 945
-33 -1328 770
-82 -1128 816
-63 -1224 704
-185 -1230 635
-209 -941 587
39 -1178 416
269 -1107 130
281 -1412 107
-31 -1028 121
-278 -1365 164
169 -1301 279
72 -1338 189
-536 -1669 230
704 -870 211
-871 -1636 748
587 -1695 844
298 -1837 1091
81 -1778 697
101 -1421 553
-309 -1056 1074
-82 -1534 963
-600 -1179 869
42 -1054 713
312 -764 666
234 -635 877
14 -802 687
224 -581 784
-474 -615 914
-38 -506 848
135 -660 567
647 -500 673
-514 -672 1438
246 -1208 1156
-264 -1709 709
110 -871 566
64 -623 1095
-145 -1757 518
57 -1120 179
-72 -919 511
511 -1623 536
342 -1707 499
329 -1433 204
-401 -300 14
-32 -688 -381
34 -475 84
375 -330 551
-388 -1198 -246
-99 -420 -242
-18 -490 -282
-22 -346 -462
37 -192 -344
106 -252 -362
9 -354 -231
223 -277 -61
-545 -862 40
-386 -998 290
-401 -1010 -66
860 -1343 162
-56 -555 -168
32 -553 324
-587 -980 668
407 -1490 531
-76 -864 1264
71 -1442 711
154 -1662 1032
53 -1867 795
-375 -1350 1078
-31 -1466 840
-458 -1653 306
-216 -1473 30
358 -1211 155
213 -1596 13
-20 -1327 73
1045 -407 2
-46 -482 -31
-115 -572 -50
-1 -676 -214
-121 -496 -220
103 -508 -267
71 -386 -92
-137 -561 1
26 -559 309
-79 -737 394
-21 -941 520
-168 -1146 573
-149 -1612 492
-487 -1369 426
-143 -1073 396
34 -1028 255
227 -1507 309
-183 -763 501
404 -1014 682
717 -1324 991
-254 -1703 915
-140 -1227 1017
-779 -1707 516
181 -854 548
181 -743 580
-41 -1880 777
584 -1337 1195
-1 -1560 1036
-509 -1016 647
-1277 -714 820
1157 -1144 1181
1286 -1580 1365
-253 -1508 955
-219 -1169 911
-534 -1076 522
-382 -919 603
-74 -1159 715
22 -1725 654
124 -1697 648
75 -1646 493
181 -1382 538
15 -1314 504
31 -1252 563
47 -1272 665
23 -1300 601
144 -1108 602
103 -1165 564
73 -1125 536
42 -1143 574
-34 -1102 400
-25 -950 422
50 -1014 470
-36 -997 408
-92 -858 464
-229 -1155 704
19 -1614 688
-170 -1679 527
79 -1641 596
-133 -1465 590
-130 -1160 536
-234 -1102 638
-53 -1144 778
176 -1256 831
84 -1330 965
-13 -1407 848
-27 -1363 762
-36 -1336 769
-15 -1320 774
305 -1329 748
-16 -1313 735
4 -1313 691
-75 -1304 754
-52 -1381 777
79 -1364 758
138 -1305 860
90 -1395 788
-491 -1465 613
-30 -1375 688
19 -1429 751
40 -1423 731
-35 -1381 717
-121 -1391 633
-207 -1289 485
-74 -1148 410
113 -1148 370
-49 -1104 383
49 -1199 313
-144 -1261 389
141 -977 162
61 -838 593
272 -804 400
-6 -889 612
-365 -1619 767
70 -1880 550
46 -1674 739
99 -1358 782
226 -1438 730
-76 -1235 562
-275 -990 237
-230 -1635 270
128 -1834 -112
155 -930 -70
101 -749 63
49 -878 571
-63 -1302 519
178 -1300 -292
670 -553 271
-68 -1113 315
213 -1125 308
-437 -952 413
-438 -1105 764
570 -1315 755
512 -1787 873
-447 -2051 659
-306 -1963 176
-691 -1028 -478
-126 -224 -668
171 103 -437
198 -436 276
-145 -1492 268
297 -1263 420
-273 -1194 412
4 -1292 528
-24 -1316 398
-243 -1109 262
-127 -1050 156
-471 -1729 226
175 -1089 440
92 -1079 473
979 -1128 1264
32 -1636 702
-302 -1134 1139
-398 -1454 745
-144 -1135 948
68 -1428 770
302 -1270 836
-119 -1399 672
830 -1770 -164
137 -929 -51
-246 -1197 -361
-386 -461 360
-480 -1791 59
818 -468 312
649 -629 34
-1386 -745 357
-181 -1921 711
751 -1211 996
285 -1398 807
51 -1524 1009
-199 -1347 674
-22 -983 951
207 -1108 756
-198 -1025 686
70 -1108 628
72 -1190 418
148 -1260 359
-124 -1432 443
10 -990 382
-59 -1674 524
90 -1413 -39
-82 -930 -67
178 -746 -145
-181 -672 -130
-11 -684 -111
-67 -710 -112
162 -726 -150
-31 -630 -321
-39 -635 -110
-14 -940 -290
59 -318 -413
54 -478 -430
-231 -404 -297
171 -458 -207
-42 -426 -330
-130 -407 -62
220 -1091 35
-33 -1020 -365
-77 -649 -54
-28 -586 132
70 -1009 109
87 -940 305
12 -707 802
-99 -1297 656
6 -1364 558
-144 -1480 328
42 -1146 483
142 -1111 487
123 -717 713
-124 -1153 715
49 -1050 722
43 -1269 852
87 -896 828
-143 -986 788
-135 -1169 826
173 -1092 950
-52 -1135 849
67 -1098 1023
-292 -1657 535
217 -1342 978
105 -1020 921
-33 -1117 857
-99 -1303 699
27 -1283 765
-97 -1567 821
118 -1229 859
-40 -904 737
-9 -1054 943
89 -943 958
30 -926 976
26 -948 957
-302 -843 1000
455 -1149 994
-341 -1875 805
218 -1050 796
-222 -1921 378
-27 -1263 241
52 -1242 82
79 -1211 -12
14 -945 423
34 -1072 -161
-37 -789 45
-89 -854 111
42 -1194 58
6 -974 114
124 -413 -90
34 -757 -635
-44 68 -358
33 -200 -424
54 -256 -508
-136 -111 -358
29 -219 -629
-64 -60 -520
33 -192 -529
-53 -133 -136
-89 -1033 14
91 -956 68
-42 -425 281
100 -1005 473
124 -924 439
-57 -1586 -310
-33 -685 -150
7 -868 47
-138 -565 714
28 -1550 808
-108 -1433 1027
-267 -1290 1144
-88 -1083 875
-110 -880 794
160 -500 658
267 -497 868
227 -605 1187
-180 -502 578
-252 -329 1005
386 -935 760
129 -1145 705
-635 -486 1072
-159 -1099 983
-37 -742 1233
358 -757 991
-27 -982 1425
-89 -1690 1099
151 -1142 1068
-25 -863 1145
133 -718 633
46 -341 872
29 -431 698
-123 -737 1044
-6 -1052 1015
-251 -1407 920
148 -1571 1348
356 -1629 1251
-72 -1611 1394
-66 -1484 1014
64 -1032 1025
77 -985 1015
-82 -951 951
-42 -978 956
-236 -1036 871
91 -996 769
189 -1124 906
138 -930 723
8 -696 706
595 -658 770
-251 -1018 674
-7 -1067 969
-444 -1101 637
-419 -649 597
384 -584 625
203 -731 742
-7 -1009 634
908 -577 721
-131 -816 719
18 -881 564
-204 -986 677
-388 -1127 432
-291 -1384 577
-125 -1427 644
-144 -1355 662
-78 -1264 444
-590 -868 974
121 -1156 914
655 -1065 1196
-24 -1299 755
-16 -972 984
26 -1133 981
-55 -1106 965
-126 -1080 1005
-41 -1289 1059
50 -1340 1172
-121 -1412 903
-22 -1248 1082
255 -2012 735
-283 -1300 787
-5 -1422 496
49 -1543 291
-39 -1004 390
-75 -1245 378
-58 -1189 383
31 -1155 385
-83 -1060 388
100 -1215 467
57 -1288 443
49 -1198 633
-39 -1383 530
137 -686 778
-159 -1126 1233
116 -1515 743
-378 -991 990
299 -723 973
16 -512 716
130 -302 908
117 -1263 977
-66 -897 1144
-116 -758 1034
184 -987 814
-133 -912 876
-237 -1014 656
-236 -1169 845
-34 -1508 822
113 -1695 935
-69 -1710 612
122 -1366 754
-73 -1230 587
-35 -932 549
175 -907 724
1022 -909 830
57 -1072 832
-108 -735 1033
-389 -933 984
126 -984 843
-36 -749 746
33 -602 601
255 -689 931
-1493 -1658 300
134 -652 157
544 -341 417
259 -1201 1461
-58 -2054 1068
-114 -1646 610
-94 -1304 471
13 -1286 547
25 -1237 573
-233 -1246 822
8 -1501 804
91 -1418 769
60 -1451 676
8 -1359 537
75 -1259 638
36 -1329 588
-19 -1284 629
86 -1236 802
-12 -1023 1015
260 -1193 1104
31 -1380 967
-168 -1332 905
108 -1136 869
73 -1203 1071
-129 -1387 868
-33 -1148 843
69 -1203 970
67 -1227 1083
-12 -1240 922
0 -1236 962
51 -1549 920
-59 -1452 727
-94 -1283 674
-159 -1184 644
-395 -1437 890
227 -1555 911
268 -1555 1014
146 -1532 944
-103 -1457 891
-63 -1363 843
-310 -1472 624
-30 -1318 606
-20 -1323 516
214 -1372 433
14 -1398 571
165 -1545 647
136 -1172 830
69 -1388 832
134 -1463 826
-322 -1565 728
57 -1333 557
53 -1016 479
195 -865 471
64 -1380 628
20 -1621 333
-103 -1186 342
-22 -1495 516
234 -1265 576
-85 -1077 371
-79 -856 194
24 -989 330
89 -1385 246
196 -1044 403
-59 -1003 286
-208 -957 444
-108 -1055 529
-12 -1071 439
66 -907 388
292 -1094 218
12 -954 164
142 -681 571
-164 -955 388
-151 -674 480
150 -1017 394
-165 -875 355
5 -788 190
-10 -519 203
322 -613 74
529 -457 -109
-513 -308 206
-123 -610 161
77 -495 -4
150 -371 8
-114 -275 47
68 -259 254
-62 -406 365
-104 -376 280
141 -446 215
-74 -353 197
110 -209 61
-65 -62 4
-3 -48 19
-7 -510 52
137 -511 0
168 -373 -168
-417 -94 -7
17 -311 -42
81 -339 -67
66 -416 118
-135 -559 201
25 -635 196
23 -632 208
130 -641 223
-228 -648 248
-136 -623 332
-161 -744 396
253 -811 336
176 -679 429
81 -699 335
47 -529 194
-86 -18 157
-23 -526 539
-30 -577 542
-141 -1037 778
-263 -1268 188
148 -791 291
147 -1126 -24
-220 -622 190
-33 -950 265
49 -866 198
190 -770 239
68 -850 183
52 -760 228
-101 -783 92
3 -722 174
-43 -746 117
1 -703 100
-29 -720 128
2 -733 154
-6 -697 135
15 -728 103
-51 -758 74
48 -690 64
-23 -582 122
85 -1053 -96
54 -774 6
-214 -571 -38
13 -557 -70
87 -599 -50
-88 -650 -165
-92 -515 -116
59 -654 -87
-81 -713 -197
-3 -569 -224
-100 -664 -253
-72 -532 -405
-39 -380 -401
-128 -422 -560
758 105 70
-566 -976 -141
-60 -671 -263
-309 -571 -499
583 -392 -303
-81 -1117 -116
-33 -1054 -195
23 -742 -83
-265 -628 132
120 -1018 469
-50 -1149 560
69 -1120 553
-75 -1171 681
-238 -1306 399
-309 -1075 366
-41 -1015 266
189 -1377 316
-33 -1324 290
117 -1222 260
-89 -1394 238
-31 -1398 300
-198 -1164 313
8 -1146 349
-35 -1071 335
87 -1071 459
107 -1242 518
-32 -1338 641
123 -1522 756
10 -1428 686
-175 -1475 688
-8 -1465 714
-9 -1477 691
163 -1325 528
0 -1127 537
-22 -1169 577
22 -1258 604
-54 -1298 595
-45 -1299 641
-30 -1393 627
-23 -1413 679
142 -1414 575
-14 -1295 588
-94 -1254 722
-280 -1437 720
-93 -1314 745
89 -1414 631
4 -1306 556
93 -1217 484
993 -1336 160
-184 -1132 507
52 -1400 234
-428 -1483 -54
37 -1019 -286
111 -417 -153
-62 -753 158
-64 -1019 -64
-25 -1062 -61
50 -946 253
273 -1112 409
263 -1354 673
71 -1790 930
-174 -1823 1208
-278 -992 1209
-424 -1112 557
-114 -755 397
197 -853 453
1 -834 741
305 -506 1043
118 -963 1155
85 -703 1035
-378 -1392 1127
152 -1517 836
2 -1079 1001
-78 -1254 1016
76 -1281 1081
-145 -1202 936
139 -1146 861
-6 -1082 1043
-65 -1189 947
157 -886 996
-29 -1247 915
-19 -1045 937
14 -900 1021
-65 -782 977
-18 -1102 825
35 -1069 1087
308 -1137 1120
-358 -1420 635
-492 -1021 415
-435 -975 686
-11 -1388 923
70 -1577 743
21 -1336 427
47 -975 497
289 -1317 452
143 -1103 378
-93 -1318 540
783 -1011 371
136 -791 254
587 -624 322
283 -1619 691
-348 -1476 466
23 -928 472
-337 -1122 362
5 -1188 407
77 -1506 1
-74 -1181 105
39 -1085 15
-246 -784 280
-136 -701 419
384 -963 406
-273 -984 414
-93 -1224 416
-371 -1424 562
-223 -1540 449
72 -1119 684
80 -1853 359
110 -1270 303
-112 -1240 -117
-110 -1056 814
106 -1776 583
169 -1434 271
430 -1094 270
-376 -1041 499
-483 -470 705
-82 -858 612
107 -820 1201
164 -1332 930
0 -1211 939
-24 -1043 1139
-310 -1127 817
281 -1155 879
1301 -1869 1342
-957 -938 212
-12 -2089 611
-719 -3044 308
-247 -2462 143
1776 -1145 -290
-461 -422 -253
123 -860 -341
-374 -28 123
283 -1353 0
-233 -856 119
-141 -1045 -203
143 -784 -48
279 -113 717
-179 -1164 894
-381 -1097 1404
244 -1447 846
-410 -1181 1555
399 -1490 781
-21 -793 977
-48 -1042 1175
-283 -1648 1209
-160 -1755 1141
300 -1599 466
-432 -1235 477
88 -1361 269
865 -1122 712
63 -1385 1181
-489 -1342 480
-533 -951 251
264 -1423 125
-277 -829 777
89 -1451 1033
255 -1194 610
43 -1162 865
-163 -1766 715
-254 -1812 514
-117 -1334 432
7 -1075 450
114 -1077 544
157 -1344 624
-6 -1317 570
-54 -1457 584
43 -1353 492
8 -1248 523
86 -1361 520
65 -1358 604
39 -1359 632
-63 -1271 610
-127 -1351 624
28 -1355 643
38 -1343 629
-14 -1336 592
43 -1308 604
62 -1326 622
-133 -1317 556
-41 -1358 611
90 -1405 673
11 -1365 685
98 -1283 690
-125 -1345 617
-27 -1412 685
-37 -1454 628
83 -1302 627
-17 -1332 670
34 -1208 574
-153 -1221 579
112 -1349 628
-1 -1335 641
-32 -1362 646
29 -1263 572
5 -1306 659
-71 -1329 609
132 -1303 645
-17 -1274 594
-146 -1318 587
-29 -1358 610
34 -1459 662
127 -1388 653
-20 -1353 602
-34 -1345 638
-30 -1313 597
62 -1357 673
58 -1326 634
-156 -1343 580
-37 -1340 614
20 -1517 702
85 -1408 587
-12 -1412 673
153 -1392 633
-166 -1307 584
-51 -1281 557
-59 -1387 621
148 -1500 675
143 -1376 615
-206 -1302 527
-74 -1378 591
190 -1256 655
-132 -1276 536
-79 -1277 552
173 -1277 672
-11 -1361 630
-21 -1327 621
-59 -1313 598
-32 -1333 611
62 -1272 606
-27 -1285 613
15 -1354 606
-13 -1317 610
153 -1248 637
-50 -1320 621
-37 -1385 691
9 -1357 664
-77 -1259 577
4 -1318 654
53 -1366 689
-20 -1338 657
16 -1328 657
-33 -1360 689
-17 -1362 717
14 -1359 664
-58 -1305 643
46 -1309 678
6 -1342 685
34 -1300 693
-26 -1330 676
-21 -1323 696
-30 -1327 674
12 -1292 670
-28 -1317 673
35 -1308 698
24 -1357 691
-26 -1335 698
-34 -1333 676
29 -1323 689
-13 -1325 676
-23 -1318 716
-21 -1332 742
-93 -1275 806
-113 -1344 748
-62 -1278 718
119 -1122 656
100 -1191 866
104 -1119 744
-247 -1012 772
-39 -1085 864
2 -984 833
-93 -1013 807
30 -897 748
-16 -859 825
3 -838 791
66 -824 703
103 -802 801
35 -997 781
21 -911 822
123 -1126 969
-68 -1149 991
6 -1243 936
27 -1434 988
55 -1339 1098
478 -1306 1891
-100 -1725 1033
-279 -1084 831
138 -991 948
36 -1317 878
-55 -1165 1036
-177 -1343 1098
-125 -1567 946
-70 -1342 714
-100 -1137 601
0 -914 495
-85 -750 557
-97 -630 206
127 -407 444
486 -1122 1074
110 -1881 1233
121 -1965 831
677 -1606 67
521 -1100 335
-127 -861 -84
-47 -316 796
-160 -978 -162
-300 -598 257
50 -1154 496
-302 -1108 596
-99 -999 637
-26 -1176 562
77 -1253 655
-107 -1276 610
-126 -1391 383
-40 -1032 699
60 -1368 720
-17 -1350 793
-54 -1473 670
32 -1410 626
-16 -1270 566
130 -1533 513
10 -1502 378
-723 -1144 609
280 -1175 761
347 -1229 463
883 -1257 841
274 -1414 631
1101 -761 69
-1984 -784 426
-694 -1751 -348
685 35 -715
406 120 231
635 -1291 594
-188 -696 -71
-1183 -825 173
-359 -1432 524
478 -1451 -7
71 -921 -79
-82 -883 -19
-36 -982 100
-18 -1023 20
69 -957 54
-47 -935 -5
-13 -950 178
50 -1060 112
15 -962 41
90 -949 39
263 -887 -158
-86 -967 -52
-656 -1041 392
-25 -1659 -226
17 -793 -83
132 -137 333
-126 -988 1004
-468 -1511 972
366 -1375 839
-103 -1473 519
-14 -1266 263
-149 -1149 149
101 -1060 -29
-248 -839 17
-28 -817 401
357 -1203 543
313 -1468 578
-67 -1375 665
-17 -1273 429
25 -1395 379
-42 -1269 537
-46 -1378 289
142 -1097 398
132 -1442 271
-263 -1120 408
87 -1311 333
102 -1225 399
-133 -1146 232
97 -1189 214
-102 -1164 386
-201 -1221 663
273 -1575 488
-168 -1290 431
-314 -1274 414
-105 -1109 428
92 -1065 783
649 -1694 791
33 -1938 589
-92 -1347 223
91 -992 271
143 -1004 253
74 -1209 266
-125 -1273 310
-369 -1207 469
-201 -1444 425
363 -1438 268
-74 -1208 294
-5 -1077 315
-178 -1220 367
63 -1260 378
83 -1243 418
365 -1644 401
-22 -1331 540
-178 -1588 493
-243 -1204 101
-445 -741 -71
-11 -451 -309
461 -772 114
178 -1264 381
33 -1212 619
-160 -1579 487
-3 -1268 527
-67 -1285 436
83 -1283 394
-67 -1050 475
-125 -1198 554
-120 -1346 622
197 -1502 651
184 -1362 602
-60 -1161 588
-96 -1439 630
177 -1544 541
-210 -1429 540
93 -1327 592
-55 -1324 547
-10 -1337 486
163 -1013 586
-209 -1265 612
-72 -1493 534
83 -1322 717
-32 -1422 604
76 -1593 449
-124 -1301 763
126 -1632 723
-243 -1531 579
68 -1289 474
103 -1160 529
52 -1295 349
80 -1349 558
98 -1339 607
-211 -1244 427
-245 -1159 557
-207 -1226 221
16 -1114 354
30 -892 400
121 -1022 415
-33 -932 107
1020 -1151 437
-160 -1344 444
-415 -1491 711
-399 -1527 467
-24 -1263 435
75 -1166 628
384 -1522 619
478 -1554 250
38 -1285 490
-484 -1465 560
-26 -1484 516
-512 -1061 226
12 -832 159
-31 -974 14
-42 -796 135
-18 -816 219
39 -855 531
81 -1116 420
-98 -1264 212
295 -1046 354
-7 -1085 329
-214 -1221 440
197 -1255 422
58 -1262 385
78 -1219 372
-465 -1133 193
263 -1173 247
144 -998 348
-25 -1241 368
-81 -1213 378
31 -1273 398
-92 -1283 374
56 -1236 390
-132 -1145 326
48 -901 318
-246 -1171 250
259 -1249 306
194 -1122 392
-224 -1340 366
127 -1251 483
54 -1027 465
-295 -1255 482
150 -1272 434
6 -1136 406
128 -879 401
-189 -1074 357
-227 -839 683
-399 -1108 623
122 -1030 136
1094 -995 457
271 -1116 594
-279 -1255 704
-481 -1359 546
-124 -1426 572
43 -1330 447
-15 -1236 515
-8 -1243 585
21 -1298 521
-33 -1302 598
4 -1213 535
-4 -1276 505
32 -1381 583
214 -1276 601
-60 -1268 666
100 -1320 632
-160 -1350 514
7 -1256 556
-13 -1160 446
187 -1279 494
-75 -1359 492
80 -1416 564
-27 -1419 507
-194 -1073 442
165 -1080 492
77 -1580 464
-28 -1205 424
-11 -1367 513
-104 -1351 389
-16 -1296 397
196 -1120 576
-77 -1206 513
96 -1224 484
-79 -1379 330
-200 -1214 347
278 -1123 568
-132 -1296 461
-162 -1242 355
159 -1030 524
50 -1110 476
-152 -1227 520
-57 -1313 477
30 -1157 403
92 -1094 540
-90 -1153 585
-8 -1170 448
152 -1068 444
-93 -1116 448
14 -1151 429
-72 -1383 397
94 -1381 438
105 -1360 475
66 -1285 406
-187 -1156 352
-31 -1278 336
387 -1195 431
-334 -1023 295
-324 -1045 172
109 -609 218
247 -1581 69
73 -1401 -341
93 -711 -136
-124 -772 -169
-13 -784 -338
-81 -484 -159
-79 -519 -168
-34 -634 -391
27 -501 -350
-75 -322 -228
42 -568 -232
47 -642 -304
28 -479 -270
-52 -538 -244
112 -763 -283
35 -645 -224
-144 -613 -84
45 -791 -312
-10 -379 -327
24 -477 -415
-17 -425 -458
16 -376 -349
31 -457 -382
19 -406 -408
5 -426 -465
-21 -393 -427
-70 -343 -374
13 -436 -486
-20 -267 -465
1 -257 -427
-29 -230 -443
6 -244 -445
-3 -230 -480
-33 -242 -476
-10 -233 -498
29 -199 -483
40 -230 -503
0 -223 -498
-17 -227 -494
9 -250 -499
20 -242 -483
90 -304 -531
16 -267 -528
35 -321 -537
4 -311 -473
-9 -326 -408
-45 -360 -353
-2 -515 -403
-26 -453 -297
-125 -527 -305
140 -513 -363
-12 -445 -390
8 -433 -404
17 -419 -408
-55 -403 -378
-9 -444 -414
20 -422 -388
-36 -423 -387
0 -419 -361
1 -416 -376
1 -410 -400
-29 -372 -373
-4 -399 -366
76 -437 -347
-53 -469 -336
-1 -475 -367
56 -471 -421
18 -406 -431
-50 -392 -392
-31 -391 -387
-2 -391 -429
102 -412 -409
-3 -406 -325
-37 -443 -365
-20 -469 -427
48 -440 -386
60 -522 -378
50 -448 -239
-57 -605 -264
-13 -583 -205
30 -747 -261
-107 -613 -258
22 -691 -298
196 -825 -131
-119 -645 -41
42 -721 -282
-71 -546 -356
-144 -579 -380
-141 -502 -368
52 -581 -317
141 -596 -238
63 -706 -122
53 -800 23
34 -929 -258
-7 -612 -326
-165 -617 -315
124 -628 -221
40 -713 -219
-59 -600 -215
181 -821 -134
-39 -862 1
-81 -888 -73
-274 -734 -348
198 -470 -204
-127 -606 -153
-53 -747 -209
45 -562 -151
-178 -588 -459
277 -542 -505
-8 -417 -408
-129 -398 -335
136 -414 -227
-213 -588 -351
159 -678 -333
57 -594 -246
-63 -556 -217
-57 -561 -223
-53 -502 -161
26 -558 -34
79 -699 8
19 -686 50
-272 -894 -102
263 -1100 -249
-231 -577 -354
-24 -327 -297
-11 -492 -294
202 -495 -96
47 -560 64
43 -737 66
127 -1016 3
16 -1078 -137
-249 -660 -248
-93 -554 -366
-11 -456 -245
129 -793 -194
145 -670 -117
-18 -763 -90
-103 -811 -145
71 -805 -37
101 -854 31
-213 -876 -58
-18 -661 13
369 -989 204
-36 -1099 304
-409 -1065 -58
222 -843 -133
-53 -727 -20
172 -1063 62
-7 -1055 2
38 -891 61
-76 -954 19
-83 -884 210
75 -1111 224
-168 -1133 91
172 -1029 171
164 -1144 204
-91 -1024 333
-166 -1240 246
21 -1062 211
-74 -1072 25
165 -1193 -123
-114 -818 -44
-43 -963 37
145 -935 78
-61 -881 184
37 -1039 104
-10 -1075 62
-35 -861 -27
-68 -834 -66
-54 -797 -115
46 -990 57
153 -960 -53
35 -807 -17
-274 -977 -115
232 -859 22
108 -909 103
-49 -1004 76
-191 -875 0
-7 -932 -98
62 -724 -75
-5 -768 -57
-35 -898 -22
174 -1039 -80
-125 -804 -47
39 -828 -80
-62 -776 -48
37 -1073 -28
-13 -1079 78
134 -1062 61
-155 -776 0
-83 -684 59
-88 -855 9
131 -1067 23
161 -818 228
-146 -1121 122
57 -1042 159
59 -1031 206
42 -1099 157
-34 -1074 155
-27 -1150 158
53 -1139 158
-20 -913 53
-50 -1100 -20
94 -823 226
106 -1006 248
10 -1153 301
88 -1360 302
-97 -1304 263
-241 -1019 157
-53 -970 143
-13 -936 141
151 -1216 201
45 -1095 187
-115 -1107 166
70 -1201 262
118 -1171 387
-123 -1024 257
-73 -919 343
-156 -1141 313
319 -1155 327
-56 -1188 284
-19 -1214 256
-27 -1304 167
-12 -1106 255
79 -1026 157
50 -1059 53
-40 -909 151
93 -1235 165
166 -1234 213
-29 -1260 303
-335 -1099 159
-39 -921 150
202 -1073 239
-108 -1203 265
117 -1394 301
-7 -1339 298
-107 -1334 258
-31 -1148 254
188 -1207 348
-215 -986 390
-100 -993 271
-234 -945 135
71 -887 228
12 -952 202
137 -1190 225
23 -1063 262
-14 -1141 293
-16 -1230 317
-29 -1143 319
-199 -1028 119
-32 -796 104
67 -736 99
214 -796 276
17 -1093 265
58 -1124 331
-81 -1300 112
67 -1325 118
3 -908 240
195 -1189 353
175 -769 434
-353 -1564 72
-98 -920 82
-195 -898 -90
159 -815 140
157 -1250 73
-518 -712 0
29 -983 270
55 -939 159
296 -688 400
137 -925 596
93 -1524 288
-290 -1117 157
220 -762 401
136 -990 548
-453 -1515 189
-23 -1187 -38
158 -828 285
253 -1017 425
179 -920 550
-518 -1454 310
-64 -1334 42
-3 -952 318
296 -1164 399
67 -1297 416
17 -1122 686
-37 -1212 507
-89 -1476 298
211 -1176 676
187 -1520 590
-40 -1472 679
-14 -1530 528
-130 -1432 517
-84 -1290 488
-211 -1169 392
-53 -1085 399
-98 -823 374
-69 -1310 432
19 -1391 514
4 -1038 489
1 -1052 477
49 -1042 488
-43 -1002 490
0 -1153 510
72 -1120 593
-54 -1104 543
-40 -1141 613
95 -1398 680
-76 -1129 525
26 -958 469
-35 -1073 382
-263 -1151 413
206 -1357 406
44 -1133 393
194 -1016 309
86 -972 218
83 -1025 328
50 -1366 724
-443 -920 817
-124 -989 665
576 -1541 1122
11 -2114 619
103 -1448 366
92 -1503 785
11 -1704 716
-296 -1546 559
9 -1501 648
47 -1358 597
131 -1274 651
5 -1424 872
-35 -1478 762
-40 -1255 629
-73 -1176 554
-12 -1090 631
35 -1235 625
324 -1401 455
4 -1293 529
-28 -1381 554
407 -1289 408
-37 -1180 353
-133 -1066 406
16 -1194 441
89 -1237 508
18 -1521 582
-136 -1447 638
-252 -1452 540
-79 -1309 512
15 -1271 533
428 -1011 692
118 -1125 775
-115 -1367 766
587 -1218 375
-91 -1106 244
31 -1055 223
-723 -1080 143
-106 -1177 196
-17 -1182 202
-226 -932 -125
-176 -931 559
163 -1379 155
17 -817 174
23 -1108 595
-232 -1307 661
76 -1241 699
-313 -1331 113
151 -1062 448
135 -1428 249
-264 -898 590
161 -1749 526
76 -1646 142
416 -746 495
-48 -1318 590
149 -1423 545
143 -1160 707
-365 -1339 710
24 -1535 388
-104 -1347 306
94 -1184 548
47 -1033 702
-144 -1374 686
30 -1546 468
45 -1261 471
-66 -1234 548
165 -1305 705
-534 -1523 391
-63 -1195 383
303 -1150 576
23 -1284 579
-36 -1279 525
-54 -1419 404
14 -1285 382
123 -1192 412
-233 -1187 606
252 -1370 754
-169 -1627 511
22 -1464 617
31 -1465 390
75 -1273 346
238 -1148 483
55 -1376 779
-191 -1550 651
-231 -1357 460
-136 -1297 471
-10 -1114 569
-211 -1011 371
287 -1469 759
140 -1716 734
-46 -1545 631
56 -1178 460
-37 -1019 488
-235 -1131 551
178 -1506 590
-26 -1445 612
-96 -1491 558
244 -1309 586
94 -1317 640
-163 -1459 805
-150 -1634 825
-13 -1455 595
-35 -1183 654
31 -1159 916
-242 -1039 504
-74 -569 365
-48 -813 350
456 -1160 447
-153 -1197 685
-6 -1460 626
-443 -558 447
-47 -323 314
333 -1099 276
362 -1135 698
44 -1562 627
-277 -1548 483
-79 -1379 445
63 -1168 357
53 -1023 722
-113 -921 916
-339 -1101 656
162 -917 314
112 -1168 155
294 -875 390
-340 -1126 566
154 -1435 474
408 -1368 428
-96 -1631 335
-160 -1476 347
-366 -1335 221
-127 -941 521
228 -803 659
-198 -746 446
157 -526 328
375 -1273 281
86 -1282 361
-189 -1268 362
-150 -1241 192
-98 -823 229
-151 -690 379
287 -633 676
-140 -1086 530
70 -1127 287
62 -1247 253
118 -1249 241
-171 -857 92
-74 -723 179
-67 -952 186
75 -943 397
128 -995 526
-187 -580 615
71 -834 304
35 -799 193
234 -1232 16
159 -1301 85
-478 -1022 307
33 -1185 434
160 -1210 276
187 -1122 181
-110 -1018 416
-154 -1245 571
-159 -1039 396
-55 -1023 233
87 -1032 187
164 -876 100
-123 -702 12
-42 -683 -57
139 -1188 164
207 -1108 430
-229 -1127 247
9 -975 57
36 -850 176
13 -971 337
-70 -880 203
-49 -708 119
-351 -418 335
128 -1043 364
168 -1154 423
203 -1020 433
-11 -1038 458
-230 -1150 386
25 -938 473
43 -1063 400
325 -1054 125
-133 -830 65
65 -1004 85
-425 -842 309
39 -1002 358
173 -968 298
237 -1154 410
-41 -1201 282
-121 -701 248
8 -1177 386
195 -1536 582
-68 -1223 427
-91 -1020 262
70 -1095 336
7 -1202 417
-39 -1181 382
-72 -1099 340
-40 -831 353
-55 -932 238
228 -918 601
-75 -1073 456
32 -1041 429
74 -1207 589
-82 -1339 557
-36 -1308 487
-78 -1092 409
156 -1025 418
60 -1309 516
30 -1429 750
58 -1605 791
-214 -1423 492
45 -992 439
-25 -1044 379
21 -1145 574
-32 -1304 577
-42 -1301 474
145 -1067 577
-162 -1250 457
84 -1133 548
-28 -1264 563
5 -1246 501
-37 -1032 553
15 -1082 489
141 -1362 597
-37 -1315 694
-60 -1404 649
-92 -1215 468
125 -1287 816
15 -1429 654
-124 -1157 517
-3 -1131 514
13 -1169 616
-33 -1319 677
91 -1368 607
-10 -1256 542
-157 -937 417
151 -1194 692
-121 -1271 541
-68 -1210 491
-64 -1056 405
-60 -935 365
18 -1050 328
69 -995 375
-17 -1009 404
-66 -1071 335
202 -886 400
-154 -689 369
-107 -708 212
61 -943 384
272 -1342 659
-109 -1093 469
-56 -849 268
-73 -740 342
7 -888 483
-17 -1057 333
36 -922 283
48 -946 330
-98 -928 307
-15 -854 341
96 -842 399
7 -951 411
-1 -1027 389
-56 -972 390
-14 -895 275
33 -858 297
69 -1057 296
-232 -636 -71
207 -831 246
31 -1137 306
153 -1014 454
-18 -1154 314
-188 -745 233
1 -623 295
6 -1018 282
-114 -1018 277
60 -915 221
-38 -899 345
106 -991 315
74 -897 362
-55 -1053 497
115 -1250 584
-40 -1320 408
-79 -1066 249
139 -864 250
-222 -840 228
-232 -843 71
82 -719 16
58 -458 46
345 -685 353
333 -1234 582
-26 -1483 633
115 -1518 623
295 -1357 580
-183 -1364 607
-227 -1352 698
108 -1363 825
433 -1721 880
475 -1619 886
-665 -1188 787
-523 -1193 838
-853 -1612 296
-192 -1030 -330
353 -446 -317
1242 -618 944
187 -1381 974
-420 -1248 1172
-66 -1183 638
134 84 428
209 -395 743
-166 -115 834
-10 -876 925
444 -991 827
-7 -729 638
-484 -875 255
-792 -1000 292
155 -1373 953
216 -1972 740
38 -1846 984
229 -1944 404
193 -1379 -125
131 -738 -34
58 -898 210
-30 -1051 113
159 -1074 114
97 -1374 358
-668 -1345 408
-263 -1255 353
159 -910 545
82 -1103 712
155 -1162 709
278 -1460 604
-133 -1537 525
-113 -1543 389
-193 -994 337
484 -1482 436
-172 -1622 414
44 -1018 397
-119 -1259 376
8 -1156 650
243 -1254 366
-135 -1308 471
-211 -1297 272
31 -1150 302
84 -1170 292
24 -1141 299
40 -1183 184
165 -1954 1159
-401 -1982 474
155 -1895 515
-606 -1281 382
46 -963 451
56 -856 407
440 -903 536
246 -965 944
9 -961 939
128 -673 735
-627 -1144 1089
230 -922 1002
-193 -1206 679
222 -1345 520
-312 -1900 1113
-207 -1971 1377
725 -2491 795
-77 -1668 329
137 -1055 452
-149 -1121 339
-24 -1565 814
-1 -1519 376
-50 -701 558
31 -938 742
24 -1239 543
48 -1513 348
59 -1269 233
-86 -1186 157
22 -1070 -205
76 -983 398
84 -606 580
-37 -636 761
-18 -1536 997
17 -1500 997
106 -1200 682
-56 -1317 1043
19 -1454 971
-2 -1316 679
-184 -1431 317
30 -1237 144
35 -1301 -81
-168 -1051 -96
94 -926 -126
106 -1279 439
-139 -1206 -84
-245 -1002 0
165 -799 -22
-12 -481 629
127 -1389 472
222 -1146 836
-41 -1545 482
-82 -1125 765
39 -1579 406
-198 -1394 384
54 -1312 108
32 -1328 63
-48 -900 308
-188 -1097 -12
193 -779 72
210 -1290 -246
-280 -581 -139
63 -955 26
-21 -1046 -156
-34 -614 -318
64 -583 -124
40 -747 -414
-44 -416 -465
-148 -395 -318
268 -361 777
220 -1094 771
-168 -956 1022
-166 -1382 802
-100 -1275 825
28 -1318 828
-17 -1389 748
2 -1260 758
143 -1119 687
258 -942 874
123 -1363 963
-198 -636 548
171 -660 761
187 -765 995
-49 -844 765
51 -992 836
-16 -1617 677
-137 -1863 207
203 -1502 339
-679 -561 843
-117 -978 905
-170 -1085 904
148 -687 875
138 -600 566
192 -522 657
659 -466 1218
-530 -659 734
204 -615 585
407 -703 670
-237 -818 855
-730 -998 1061
-407 -2104 692
76 -1760 842
-17 -1879 -258
11 -458 -18
8 -940 170
201 -1116 -24
59 -1080 203
228 -1592 -276
-172 -614 -400
-44 -322 -357
207 -743 246
302 -776 741
-68 -1371 779
-411 -1447 409
-176 -1025 762
-136 -1545 583
-36 -1172 589
-16 -1219 674
164 -1584 521
-110 -1408 796
-22 -1878 780
-159 -1377 450
163 -1111 491
77 -1499 471
116 -1405 153
5 -1135 315
-74 -1217 136
-114 -702 116
-14 -809 504
118 -1225 521
-83 -1031 685
-78 -2092 1042
-21 -2437 656
9 -1377 506
17 -956 -108
518 -636 123
105 -1275 468
-68 -1506 289
-216 -1314 693
148 -1561 602
-137 -1614 502
-119 -996 276
-31 -1150 250
-36 -1057 -247
36 -711 -403
102 -365 -1033
-214 235 -597
-172 -100 -533
251 -386 -99
146 -591 240
-2 -852 405
-153 -1411 576
-28 -1513 528
-138 -1222 532
20 -1140 488
-9 -1112 624
-102 -1089 772
156 -1180 713
80 -1291 617
509 -1366 418
448 -1319 748
-284 -1452 590
-762 -970 680
113 -1381 601
491 -1327 475
-59 -1117 722
-426 -1203 869
-222 -1380 949
108 -1590 810
305 -1321 623
-91 -1192 733
101 -1502 652
-22 -1386 614
54 -1339 637
-101 -1612 616
18 -1416 544
49 -1309 565
-36 -1250 736
-9 -1461 712
-35 -1522 497
26 -1249 570
19 -1347 520
-26 -1256 505
20 -1285 557
8 -1316 573
-35 -1331 596
-2 -1375 509
-61 -1337 471
48 -1367 331
81 -1108 298
-114 -1124 462
-143 -1478 138
173 -971 154
-15 -1118 657
155 -1660 451
205 -1663 252
-881 -981 347
341 -1253 671
131 -1331 558
95 -1228 505
3 -1441 585
-164 -1549 641
-39 -1231 639
116 -1465 639
231 -1407 526
-148 -1313 551
-157 -1324 459
53 -1811 306
200 -1219 242
-91 -1144 162
-38 -1087 190
31 -1137 97
17 -1021 106
-11 -1030 -39
3 -902 -69
-10 -875 -76
-7 -860 -60
-5 -888 -51
37 -878 -31
0 -897 -30
-48 -884 -17
53 -925 -14
-6 -932 16
-9 -972 34
71 -1101 133
127 -1169 153
132 -1317 264
-184 -1055 310
-84 -1101 343
37 -1167 655
10 -1385 756
90 -1294 673
-81 -1100 620
40 -1199 852
7 -1421 871
-274 -1586 999
-84 -1573 1040
117 -1467 900
223 -1057 859
-69 -971 892
-57 -1155 705
-152 -822 818
213 -1200 854
156 -1363 853
156 -1607 1028
-49 -1506 1088
-292 -1465 1110
-43 -1573 1001
-35 -1368 949
210 -1211 1066
116 -1092 929
-163 -1107 982
-99 -1287 945
208 -1071 944
-72 -1128 981
-82 -1214 964
46 -1155 951
51 -1154 999
-8 -1179 967
11 -1138 976
1 -1156 977
-10 -1153 986
14 -1184 990
-14 -1170 970
-4 -1158 931
6 -1185 970
2 -1209 999
-2 -1223 976
10 -1219 964
6 -1193 950
-4 -1161 970
-19 -1217 978
25 -1235 951
-8 -1191 954
2 -1186 967
16 -1196 898
35 -1337 892
-47 -1442 1092
-136 -1668 687
108 -1230 545
45 -936 629
-188 -1035 722
107 -1228 1076
178 -1657 1062
166 -1646 725
-183 -1433 744
-142 -1522 787
-97 -1568 889
59 -1578 791
-58 -1461 597
-53 -1309 544
180 -1305 602
282 -1331 547
63 -1244 544
-98 -1310 672
-285 -1275 494
-51 -1147 651
-32 -1306 615
680 -979 441
-250 -1046 610
-61 -1021 496
-171 -885 410
-104 -878 560
599 -1042 858
524 -1395 329
-66 -758 140
-176 -528 166
-149 -520 169
55 -549 352
-19 -621 298
-58 -503 282
-127 -583 336
14 -686 427
184 -798 320
-35 -634 206
69 -487 168
177 -395 -137
0 -69 -158
-46 -67 -99
-348 -145 34
6 -390 118
55 -619 209
81 -661 27
103 -409 -140
-19 -165 -159
57 -59 -305
-142 83 -234
130 -24 -241
144 145 -305
-45 243 -278
-257 156 -187
46 24 -103
64 78 -155
4 284 -192
63 362 -134
16 392 -203
4 484 -286
-151 402 -124
105 -14 -128
56 -98 -3
5 28 0
8 -94 -68
2 -118 -85
-87 -183 -74
-3 -251 -122
-27 -153 -119
-42 -112 -174
133 -63 -228
89 2 -231
-371 -361 486
-282 -1344 240
-184 -1254 337
-3 -1207 258
49 -888 190
-77 -1134 232
41 -990 207
104 -1157 109
-17 -992 24
-481 -780 -530
-92 -369 -524
-21 -318 -495
173 -160 -497
1 -424 -564
-127 -383 -705
43 -161 -479
38 -348 -455
122 -432 -319
-4 -747 -493
355 -809 -6
-176 -845 28
13 -863 -103
361 -699 38
-373 -881 289
-13 -813 206
-145 -894 -41
-28 -477 -356
57 -474 -389
-301 -17 333
438 -520 334
910 -714 799
-495 -1113 1080
-617 -1526 638
159 -1513 1069
-30 -1438 1037
-122 -1486 860
295 -1284 760
-159 -1109 999
180 -1592 1127
-642 -1533 886
803 -1213 1064
-223 -1402 846
-120 -1189 748
84 -1372 835
-365 -1271 876
490 -1506 1146
178 -1268 884
68 -1016 767
-21 -932 885
-247 -1602 892
-230 -1139 824
10 -1388 886
112 -1266 732
-76 -1310 935
-273 -1647 779
159 -1378 839
209 -1401 944
70 -1326 876
-113 -1386 796
68 -1431 693
-74 -1302 703
-94 -1309 784
108 -1377 738
676 -1095 947
382 -1163 989
-1267 -1670 697
133 -1347 609
154 -1256 931
-228 -1367 585
-88 -1594 376
130 -1168 -10
-156 -712 -578
123 -176 -411
151 -835 -469
11 -554 -107
142 -833 34
9 -681 -84
-318 -855 -5
39 -998 -135
-31 -905 -99
110 -838 81
4 -989 85
99 -600 -112
-422 -422 127
-8 -644 -35
535 -1438 -62
529 -910 -174
410 -284 52
72 -27 67
-84 152 321
-1035 -1183 814
142 -1695 697
-76 -1512 697
229 -1709 119
53 -674 212
-42 -747 246
-8 -1022 380
-366 -995 701
10 -1386 725
28 -1439 591
-38 -1367 728
90 -1416 565
89 -1216 529
-68 -1180 582
76 -1256 556
30 -1222 506
-41 -1187 537
76 -1343 522
154 -1277 192
-8 -965 306
-153 -1196 35
-51 -946 200
183 -1038 491
221 -1144 579
191 -1167 654
202 -752 263
-472 -185 145
-21 -261 -164
158 -385 -311
444 -569 -224
-126 -811 -375
-1317 -284 69
12 -728 352
378 -1191 1093
-137 -1703 413
24 -784 1033
122 -1476 855
-111 -1395 936
-155 -1580 801
-56 -1245 779
-53 -1263 773
-42 -1216 777
129 -1234 969
21 -1382 887
-87 -1350 816
-1 -1355 828
-27 -1328 867
79 -1346 893
-64 -1377 911
-51 -1362 814
-282 -1386 843
203 -1334 804
46 -1501 848
291 -1536 656
207 -1345 710
-67 -1278 750
476 -1218 1216
-694 -1766 781
-31 -1173 880
270 -1290 941
-210 -1314 732
60 -1321 816
5 -1531 635
-40 -1125 573
-12 -1281 588
29 -1116 679
131 -1198 918
251 -1268 790
-311 -1644 839
-273 -1171 701
-6 -1085 849
339 -1210 1085
172 -1541 891
-57 -1363 645
-74 -1441 573
44 -1316 681
-22 -1250 723
1 -1426 575
14 -1281 601
-9 -1374 492
-13 -1256 608
39 -1269 595
-52 -1345 576
-4 -1275 612
78 -1237 613
-3 -1282 641
-58 -1371 557
-19 -1380 591
116 -1185 663
-129 -1385 609
11 -1248 492
-55 -1176 498
73 -1209 500
106 -1247 468
-1 -1165 509
-74 -1288 498
69 -1319 490
-96 -1256 446
164 -1033 448
-150 -1145 567
21 -1275 556
49 -1399 424
-74 -1180 553
94 -1299 429
-66 -1038 460
42 -1138 374
-33 -1020 585
53 -1387 425
-16 -1146 533
-4 -1186 516
-51 -1287 529
-3 -1289 495
115 -1214 429
-29 -1141 505
-88 -1325 454
25 -1021 559
43 -1370 423
6 -1140 575
-43 -1437 445
96 -1145 432
-113 -1194 440
31 -1182 465
62 -1169 490
-127 -1212 425
114 -1068 562
-28 -1293 528
33 -1406 542
-53 -1222 476
-2 -1304 502
-7 -1110 493
50 -1329 385
-47 -1186 447
18 -1130 495
15 -1194 546
-5 -1201 584
-32 -1288 611
46 -1167 644
-68 -1284 587
46 -1330 551
-33 -1149 722
79 -1280 694
-27 -1305 593
-18 -1035 755
160 -1165 750
-110 -1204 771
-15 -1214 774
19 -1174 762
-71 -1228 776
60 -1208 762
-60 -1245 800
77 -1353 677
-78 -1326 627
53 -1087 721
-22 -1212 712
15 -1237 785
29 -1263 682
-80 -1186 625
130 -1041 712
131 -1456 697
-78 -1090 785
-203 -1360 669
141 -1214 688
-75 -1187 710
1 -1162 732
1 -1257 672
53 -1230 704
81 -1191 678
-168 -1202 608
34 -980 820
197 -1454 761
-263 -1280 737
-19 -1267 785
113 -1333 722
63 -1140 754
-363 -934 566
322 -1088 633
-27 -1238 755
-36 -1159 714
89 -1323 597
60 -1065 655
-147 -1207 751
-4 -1153 764
-27 -1288 706
-168 -1016 693
155 -1097 700
136 -1160 702
-66 -1270 780
-58 -1286 708
37 -1227 810
3 -1411 782
86 -1216 517
-93 -839 932
-94 -1434 733
40 -1208 840
-2 -1285 641
-37 -1217 833
174 -833 840
141 -460 970
-142 -974 861
-14 -1101 843
67 -825 868
-16 -982 944
-94 -1297 795
78 -1152 827
-79 -1293 722
4 -1119 867
28 -1173 798
-101 -1245 891
115 -1179 797
-20 -1167 792
-58 -1205 818
67 -1254 772
30 -1193 807
-71 -1243 728
60 -1269 779
-140 -1244 751
133 -1126 783
-58 -1167 845
70 -1246 850
-18 -1243 742
-85 -1277 830
-11 -1147 861
83 -1346 748
108 -1048 785
-219 -1214 699
-45 -1078 745
260 -1084 764
-46 -1113 851
-6 -1191 747
-62 -977 761
73 -956 818
77 -864 744
67 -594 752
-115 -993 665
-63 -1557 474
110 -1453 374
135 -775 563
-93 -812 730
-281 -923 984
-200 -1081 921
-212 -951 1051
274 -1224 537
113 -320 613
569 -584 1057
-101 -1003 769
-317 -659 745
-70 -831 748
-220 -874 809
463 -734 901
-99 -758 865
26 -953 979
75 -982 858
48 -978 595
-185 -617 543
-500 -1304 839
478 -1445 812
2 -1306 605
38 -1123 635
-89 -1271 733
75 -1145 676
-3 -1233 647
-33 -1170 695
7 -1127 600
-63 -1132 709
0 -1167 613
122 -1058 691
-66 -1391 681
-4 -1067 656
26 -1210 621
-17 -1253 668
-82 -1255 703
25 -1288 676
47 -1203 637
-38 -1258 684
30 -1223 656
3 -1157 636
-25 -1188 644
-14 -1253 638
13 -1261 568
2 -1099 611
-44 -1174 651
-23 -1286 657
-1 -1157 645
48 -1196 641
-85 -1290 684
-255 -1160 958
219 -1427 405
113 -1029 718
-80 -1353 626
28 -1355 563
59 -1014 703
-9 -1263 653
-46 -1322 580
37 -1373 537
78 -1158 726
-96 -1383 609
25 -1343 514
-39 -1262 513
-6 -1211 554
-21 -1069 575
103 -1168 499
-44 -1250 507
4 -1286 536
-92 -1231 576
91 -1140 558
6 -1260 491
-52 -1190 535
36 -1238 571
31 -1526 639
-130 -1519 374
101 -573 622
247 -553 929
58 -1105 1198
-191 -1318 726
-58 -844 747
140 -847 702
4 -764 907
-49 -1018 802
229 -768 1076
-578 -1061 748
163 -730 957
103 -796 764
-67 -664 870
48 -793 1010
53 -1280 924
-222 -840 778
122 -775 654
536 -782 1116
-144 -788 752
-144 -729 696
26 -428 960
-136 -1094 741
250 -641 706
-54 -592 687
9 -266 727
-3 -560 639
-16 -583 718
-41 -705 533
-42 -351 711
132 -418 660
-95 -582 877
451 -561 947
-785 -736 398
128 -710 440
110 -440 531
291 -1032 761
-335 -1294 438
61 -1189 437
119 -871 428
-233 -1163 442
29 -1010 137
-171 -967 279
126 -765 279
98 -967 322
1 -859 466
-121 -1180 449
104 -1086 461
47 -1074 375
-31 -1033 360
-62 -892 519
24 -1052 497
83 -1089 487
-253 -1459 152
421 -849 755
-224 -1500 527
-43 -1123 439
10 -1057 423
48 -962 510
-83 -1149 413
14 -1029 446
-27 -1253 349
30 -962 506
97 -1134 479
-13 -1091 472
-127 -1129 450
76 -1064 518
-5 -1180 449
-47 -1100 496
39 -1179 489
17 -1127 480
-40 -1220 434
10 -1068 424
51 -1101 430
-47 -1062 511
64 -1118 454
-60 -1177 416
59 -1002 465
75 -1114 515
-134 -1161 426
-43 -1097 498
3 -1172 442
32 -1101 488
-30 -1128 475
27 -1143 488
38 -1136 457
-22 -1133 502
44 -1216 477
-76 -1181 450
16 -1079 469
6 -1223 381
8 -1055 477
-54 -1050 409
82 -1103 505
31 -1190 498
-65 -1089 376
23 -1058 528
-85 -977 581
-176 -726 572
-242 -867 688
448 -970 807
14 -1037 889
99 -1161 897
68 -1120 636
53 -747 811
179 -823 997
-271 -1250 520
192 -915 921
-320 -1174 760
16 -1041 787
-15 -1066 825
-105 -1194 763
37 -1073 722
-132 -1065 573
-17 -991 410
304 -567 405
-289 -870 832
-19 -1308 892
2 -1278 940
-54 -1402 740
49 -1346 622
-12 -1330 454
-56 -1314 454
109 -1166 294
-47 -1243 182
9 -1093 -19
30 -857 -164
27 -720 -256
-165 -538 -326
-11 -475 -336
-8 -523 -285
-2 -582 -268
-15 -663 -234
-27 -667 -257
14 -636 -264
-23 -617 -233
10 -627 -192
6 -721 -220
-30 -729 -198
-28 -722 -269
70 -669 -58
-157 -700 -310
25 -766 222
-46 -1104 43
201 -454 597
121 -548 974
-14 -1121 991
-220 -1334 1054
-23 -1099 876
162 -938 1045
186 -1158 938
59 -1106 988
22 -1129 917
-29 -1009 909
95 -898 847
37 -920 771
51 -871 755
113 -739 389
-162 -254 580
288 -768 824
117 -608 951
-334 -1045 1316
-608 -2239 987
-46 -1552 538
172 -1086 315
104 -553 498
535 -49 1180
-247 -912 1170
420 -1644 1506
-1068 -1691 770
-219 -1233 963
323 -602 825
489 -597 929
-218 -657 594
-121 -642 590
107 -987 546
-209 -1139 581
-685 -1509 905
1224 -1095 810
-201 -964 1127
228 -1274 680
-112 -962 789
-75 -1368 686
34 -978 812
-10 -1283 685
-146 -1441 527
189 -942 1027
-104 -807 582
94 -1027 756
-11 -1161 711
-44 -1464 643
-65 -1194 786
68 -1424 730
-19 -1260 664
53 -1064 776
64 -1368 631
-28 -1201 651
-38 -1183 598
57 -1122 568
-243 -848 586
180 -1069 702
-4 -1130 617
38 -1235 602
1 -1126 635
-71 -1219 665
5 -1255 643
-14 -1301 641
69 -1152 654
-89 -1345 588
133 -1221 599
-97 -1320 523
39 -1071 637
-77 -1207 509
71 -990 584
82 -1011 722
-85 -1425 669
88 -1241 580
100 -1398 805
-41 -924 1179
-576 -1018 372
390 -196 735
61 -1125 1265
81 -1447 627
225 -852 597
-96 -806 851
-104 -581 578
-60 -930 814
-228 -1105 381
37 -942 510
336 -1059 592
206 -1178 526
-58 -1586 -188
-197 -62 -24
-129 -1155 -98
-58 -813 -163
110 -681 -187
-107 -760 -68
45 -778 2
-35 -900 -16
-3 167 437
-377 -937 732
298 -2263 969
-56 -1657 290
371 -54 903
107 -1611 658
32 -1388 481
-221 -581 699
186 -1530 468
195 -1420 204
23 -735 428
-263 -49 837
-242 -1511 855
147 -1059 737
80 -683 679
75 -545 753
-179 -1023 663
478 -655 843
-223 -1083 1269
-400 -1586 1019
-301 -1660 811
-71 -1411 788
-519 -1201 834
40 -1067 979
19 -1166 845
431 -868 702
36 -705 851
-447 -896 994
254 -791 1133
124 -937 1174
-635 -1385 1060
191 -882 908
554 -785 875
-84 -733 1041
-266 -734 688
896 -774 652
-493 -916 509
-322 -1020 366
-985 -1039 703
805 -1147 782
333 -1319 1104
563 -1891 1405
-249 -1961 824
152 -1115 663
52 -789 824
-161 -1087 703
78 -1140 782
-78 -1196 812
62 -1236 830
-30 -1249 877
78 -1194 754
-24 -1220 879
21 -1226 794
-44 -1186 832
58 -1166 750
-14 -1081 792
18 -1127 794
-103 -1270 730
71 -1082 810
9 -1167 762
7 -1150 731
13 -1085 750
2 -1129 759
-7 -1164 744
-14 -1175 687
4 -1066 807
-5 -1276 750
-4 -1176 767
-14 -1186 682
80 -1273 837
67 -1318 714
-99 -1169 780
-5 -1207 688
-46 -1086 713
40 -1054 718
-16 -1057 829
35 -1237 713
4 -1189 728
-29 -1127 721
-23 -1194 790
36 -1102 739
-7 -1122 776
-5 -1135 749
-31 -1194 745
36 -1186 764
12 -1180 764
-23 -1146 712
31 -1150 753
-51 -1250 685
59 -1112 669
-54 -1050 714
-5 -1104 760
8 -1142 749
-26 -1165 747
63 -1127 786
-21 -1161 739
-5 -1104 812
31 -1152 725
-138 -1057 716
83 -1216 698
17 -1065 733
-31 -1220 678
52 -1084 733
-1 -1138 750
28 -1118 713
-46 -1159 746
9 -1229 720
11 -1174 727
-13 -1207 702
10 -1247 658
28 -1070 732
-79 -1255 682
35 -1216 673
21 -1115 691
-22 -1204 655
7 -1218 702
-30 -1215 715
83 -1115 693
-84 -1149 718
44 -1143 687
-15 -1248 737
-12 -1178 646
-8 -1166 717
-2 -1210 695
58 -1163 698
-52 -1160 641
11 -1130 727
31 -1180 761
-15 -1194 688
13 -1138 697
-11 -1069 796
4 -1263 723
13 -1213 705
-10 -1142 688
-5 -1159 711
19 -1163 670
-19 -1103 662
45 -1147 661
-38 -1048 826
10 -1277 736
23 -1116 634
15 -955 675
-69 -1190 765
76 -1077 687
-45 -1119 728
23 -1116 748
-65 -1178 693
71 -1051 731
-37 -1150 721
22 -1154 710
-35 -1128 762
18 -1140 699
33 -1134 753
-31 -1210 729
10 -1167 753
-6 -1094 753
23 -1142 699
-25 -1156 809
5 -1229 737
-25 -1188 717
24 -1148 755
46 -1153 732
-56 -1182 707
34 -1061 740
9 -1113 691
30 -1093 751
-285 -1247 830
-119 -1366 730
2 -1500 592
53 -1296 412
148 -1230 331
58 -895 441
-27 -1351 574
108 -1386 403
-141 -1178 439
-15 -1186 507
14 -1423 443
2 -1217 304
-76 -1173 407
-23 -1207 319
24 -1153 267
22 -1159 244
-87 -1108 324
94 -1218 466
-15 -1064 346
71 -1203 409
-76 -1356 425
16 -1159 173
-32 -1059 382
22 -1107 253
23 -1154 257
-4 -1079 159
-65 -1028 269
118 -1081 351
13 -1074 403
199 -1387 463
-411 -998 697
11 -1263 663
-148 -1167 811
-56 -1573 585
62 -1485 500
7 -1291 636
34 -1129 394
-147 -1168 457
265 -959 619
378 -983 1377
-407 -1585 705
-60 -912 1018
64 -1277 1054
-24 -1285 1177
64 -1221 836
15 -841 874
-59 -837 1017
318 -1092 855
295 -1159 713
-145 -1331 776
-119 -973 492
35 -1014 600
141 -1060 487
-245 -1142 677
-75 -1279 629
71 -1179 615
-24 -1052 549
-124 -1158 546
-8 -1080 674
146 -1284 748
-61 -1527 447
18 -1170 293
-15 -1110 219
55 -932 214
138 -1092 312
-160 -1013 322
-15 -1166 291
23 -1130 363
-178 -1210 357
-1 -1405 380
-55 -1153 355
-31 -1157 389
-17 -1196 397
60 -1232 454
-99 -1349 654
-140 -1429 683
-294 -1699 571
49 -1378 510
228 -1351 465
43 -862 610
-221 -944 648
-161 -938 694
-39 -772 1031
129 -1192 939
144 -1092 1051
108 -1011 1129
-109 -1504 986
39 -1163 911
71 -1172 942
2 -1142 1037
91 -1106 748
-47 -1423 775
-83 -1347 812
10 -1643 585
-19 -1272 611
1 -1170 625
-6 -1549 824
159 -1458 762
-279 -1400 1046
-98 -1227 839
4 -1260 712
-66 -1274 657
381 -1066 610
134 -945 636
-147 -1226 1248
-159 -1293 930
-54 -1561 844
142 -1171 1025
28 -1081 1115
-4 -1236 788
56 -1079 907
246 -1127 1092
-66 -1056 895
-76 -1145 1210
-155 -1191 1112
202 -1057 895
-205 -1770 923
143 -1499 675
-78 -1336 366
4 -1086 501
-179 -1415 555
54 -1286 379
28 -1435 150
-35 -905 122
-25 -1135 266
-16 -1001 180
-1 -1245 281
35 -1180 320
-50 -1203 464
75 -1230 727
-32 -1406 766
183 -1001 997
-25 -971 909
119 -612 825
39 -497 911
17 -439 814
66 -531 1079
-54 -1114 987
-18 -1164 971
-223 -923 1139
105 -1007 1128
0 -1226 833
-55 -1348 751
-106 -1455 445
412 -1151 791
-308 -1343 878
-153 -1049 1191
37 -1770 793
139 -1222 808
161 -1159 775
-124 -612 896
265 -959 781
-160 -1036 974
64 -1262 841
37 -1058 970
-149 -1113 1033
135 -1137 985
299 -1093 728
-274 -1155 718
-72 -1237 626
-603 -1621 996
58 -1101 748
266 -1062 943
92 -1738 902
-226 -396 666
182 -788 612
-173 -1754 728
86 -1207 467
-163 -903 1488
769 -1247 1477
-277 -2055 877
-320 -1661 593
219 -887 688
-265 -971 871
-178 -2296 483
502 -643 747
57 -1523 995
-122 -1102 887
-101 -1522 963
189 -180 998
-143 -1151 1410
-316 -1581 685
22 -682 277
12 -207 -55
-45 -680 841
-416 -607 682
-55 -1524 1526
231 -2088 1369
170 -1812 605
24 -1213 431
-87 -1327 344
187 -1300 63
91 -937 -256
112 -712 -215
-41 -772 -350
10 -678 -290
-185 -621 -433
-105 -277 -436
115 -416 -504
77 -341 -498
-50 -296 -457
88 -479 -313
1 -554 -296
-37 -589 -304
49 -534 -301
17 -557 -360
0 -520 -356
16 -584 -343
-6 -545 -361
23 -513 -419
-26 -435 -342
-76 -477 -366
-33 -460 -422
34 -426 -380
5 -430 -424
-26 -453 -361
-96 -496 -409
56 -413 -468
-24 -356 -444
-37 -368 -458
41 -351 -478
-21 -366 -532
5 -231 -380
66 -428 -482
120 -552 -300
8 -671 -355
56 -818 -84
-34 -980 -177
-142 -823 12
-50 -857 2
-200 -903 62
-185 -708 160
-32 -921 441
125 -1243 456
-29 -584 674
47 -716 728
161 -843 973
-118 -820 947
-39 -833 941
136 -653 959
56 -664 903
91 -641 964
-450 -1622 497
18 -1048 665
220 -1117 1276
198 -2159 1185
259 -1787 885
-46 -1842 339
-235 -864 700
224 -1288 544
-236 -2151 -237
357 -312 -1137
-321 866 -971
-237 857 -846
-221 487 -930
-138 311 -892
415 130 575
441 -612 -1161
-680 817 304
318 -769 1161
-179 -1543 1087
-384 -1687 851
198 -1078 406
164 -1040 -588
-6 -330 -414
40 -383 -552
-263 -174 -606
450 549 -751
-257 222 561
243 -651 1080
-303 -2258 120
121 -184 397
-185 -1602 678
-598 -1963 -760
504 -1108 1693
-368 -3542 228
1148 -1373 -764
-226 381 523
24 -2034 683
-180 -1473 163
-256 -584 -300
-615 722 -792
296 765 -486
526 14 -121
-204 303 291
37 592 465
-466 -771 1057
-94 -887 486
190 -530 470
284 -66 357
-84 -817 226
639 -746 -480
592 -755 2650
-512 -3811 103
-645 -611 158
549 -1166 180
303 -648 110
-226 -1255 83
-26 -1509 -319
-896 -409 506
120 -690 131
757 -560 -465
-50 233 -203
366 -692 -669
-305 -337 -149
103 -815 -391
-370 -471 -1322
-335 403 -564
168 -542 -231
50 -1102 136
1586 -505 -28
-573 -1254 395
-924 -2034 54
70 -348 -147
-479 -446 138
-142 -643 956
36 -1831 835
600 156 537
300 -38 785
-178 -607 739
20 -472 888
-184 -766 1153
-1022 -2062 1099
148 -482 1587
1029 -2454 439
-447 -784 565
-42 -1265 993
-117 -1568 717
394 -1183 893
-380 -1669 479
-102 -1133 -68
-232 -130 234
2464 -2405 1121
-1358 -799 268
-573 -1513 552
32 -1058 940
-32 -1222 866
341 -613 656
-382 -1220 24
-61 -113 1470
29 -1399 105
622 1343 430
-337 -729 1223
-11 -2224 1130
82 -1178 718
-131 -739 904
-66 -1590 626
-59 -1461 616
467 -1168 744
91 -393 847
-917 -1888 27
132 -1512 -124
816 -502 -350
-902 -113 -113
737 557 -1159
-245 1693 -1098
-188 861 -1373
48 961 -408
-136 -248 20
-106 -374 -9
177 -683 -724
-107 -585 -127
194 -307 -438
-13 -746 -266
-34 -719 -282
38 -272 -615
169 70 -465
328 113 -628
-48 -611 -390
114 -893 158
89 -1504 59
-155 -1273 259
-249 -1075 -239
-89 -1007 209
170 -753 238
75 -598 425
186 -849 1030
-223 -1880 546
76 -1575 1357
-52 -1896 586
222 -1251 1021
-101 -1323 1033
-164 -1230 939
-129 -1126 902
-4 -1036 845
41 -968 895
-70 -907 938
-42 -885 919
421 -1070 619
-184 -1105 733
-22 -1791 872
534 -1526 359
180 -1012 266
155 -779 282
154 -820 104
-55 -693 56
-274 -607 329
-41 -1109 273
7 -1058 229
-17 -576 -100
-275 -77 -233
74 -1156 37
-280 -1385 342
169 -1700 399
-185 -623 947
-61 -1063 888
65 -1000 1122
-313 -1112 1096
35 -1014 1094
82 -902 980
263 -632 1192
-75 -1091 961
-152 -1043 944
-160 -876 1153
263 -1098 642
-70 -544 990
-127 -900 937
-31 -782 1159
262 -706 1090
-36 -460 844
-99 -501 914
-55 -809 1136
164 -690 956
-99 -797 950
174 -395 1224
-285 -1084 1097
238 -751 914
-125 -638 953
119 -510 950
-63 -621 902
-19 -647 1056
53 -733 1157
13 -909 958
-46 -720 963
32 -541 1036
-37 -874 989
18 -713 959
-2 -820 1143
102 -975 1166
-58 -1113 1292
-55 -1247 974
68 -937 961
-375 -1166 1054
-19 -934 996
-148 -1015 916
449 -1067 1103
124 -974 669
-95 -534 1099
-68 -942 903
-46 -913 1000
16 -913 1028
79 -892 1055
-19 -1010 1015
-541 -2287 406
104 -1203 10
294 -916 260
176 -1259 204
52 -1100 69
-6 -919 142
47 -1015 150
-30 -1108 90
21 -1017 186
-100 -1014 182
-7 -1387 -52
65 -819 -78
-26 -1026 56
16 -945 -162
-273 -402 520
-65 -1106 771
137 -1063 593
-42 -616 563
-27 -478 617
211 -1613 -19
-157 -787 -227
24 -508 -78
103 -776 -236
-38 -730 -82
-19 -790 -106
26 -620 -257
-70 -662 -218
-11 -758 -302
-5 -613 -164
5 -690 -150
5 -684 -219
36 -598 -197
32 -807 -203
18 -754 -270
83 -599 -461
-81 -586 -298
182 -665 -321
-42 -581 -179
-30 -649 -331
-35 -537 -443
-18 -525 66
134 -1313 199
-12 -1267 411
97 -1110 267
-744 -563 -235
115 -534 526
-454 -916 357
276 -3036 -401
463 -1537 -787
-261 563 799
-110 -1429 451
16 -727 93
599 -290 979
605 -968 1271
-431 -1275 894
-216 -935 566
1064 -951 103
